HOST, SNAP_ID, TIME, SYS_CPU, SYS_DBTIME, SYS_SYSPCT, SYS_READ, SYS_WRITE, SYS_REDO, SYS_OSWAIT, SYS_RMWAIT, SYS_ACTSESS_MAX, SYS_ACTSESS_AVG, SYS_PGA, SYS_PXRUNS, SYS_PXQCT, SYS_PXSRVT, SYS_UCALLS, SYS_IOWAIT
1, 128019, 10/12/2018 23:59:23, 44.6, 77.5, 12.7, 407, 253.5, 56.2, 1, 0, 413.1, 198.5, 18338, 203.5, 8.4, 190.1, 152.4, 11.7
1, 128020, 11/12/2018 00:19:23, 51.1, 92.1, 12.3, 8741.6, 302.6, 42.4, 1.2, 6.6, 594.5, 235.8, 22559.2, 208.8, 11.2, 218.8, 120.3, 18.9
1, 128021, 11/12/2018 00:39:23, 77.1, 117.5, 17.1, 5658.9, 315.8, 42.7, 4.9, 17.5, 381.4, 300.8, 24631.9, 227.3, 21.4, 322.3, 116.2, 11.3
1, 128022, 11/12/2018 00:59:23, 74.4, 122.1, 16.3, 2781.9, 356.6, 44.8, 3.9, 11.2, 373.2, 312.6, 23206.8, 786.1, 20.4, 335.9, 115.8, 16
1, 128023, 11/12/2018 01:19:23, 68, 110, 15.5, 1357.3, 316.4, 46.3, 3.4, 3.3, 464.9, 281.7, 24828.9, 484.4, 16, 243.4, 111.5, 17.5
1, 128024, 11/12/2018 01:40:23, 70.5, 86, 15.1, 1333.5, 321.1, 44.4, 1.7, 8.2, 270.4, 220.2, 20328.8, 434.6, 15.4, 230.2, 138.1, 10.9
1, 128025, 11/12/2018 01:59:23, 60.8, 72.1, 14.3, 1356.8, 265.6, 49.1, 1.1, 4.4, 447.8, 184.5, 17751.9, 694.4, 10.8, 168.9, 151.6, 9.2
1, 128026, 11/12/2018 02:19:23, 49.3, 56.4, 11.8, 2404.7, 231.7, 42, 0.9, 2, 181.7, 144.4, 23172.5, 382.8, 10.9, 157, 139.7, 6.9
1, 128027, 11/12/2018 02:39:23, 33.4, 125.1, 9.2, 995.6, 203.8, 31.9, 0.8, 0, 1538.3, 320.4, 16902.1, 678.7, 11.3, 168.1, 136.7, 5.8
1, 128028, 11/12/2018 02:59:23, 28.8, 74.1, 8.7, 839.7, 370.6, 40.8, 0.8, 0, 907.1, 189.8, 15385.9, 413.2, 13, 182.2, 148.3, 5.9
1, 128029, 11/12/2018 03:20:23, 28, 79.9, 9, 1598.2, 246.3, 41.2, 0.8, 0.1, 452.9, 204.6, 13897.9, 255.2, 10.1, 150.8, 107.5, 9.9
1, 128030, 11/12/2018 03:39:23, 30.9, 62.4, 9.5, 987.1, 296.1, 41.9, 0.8, 0, 750.4, 159.9, 22139.6, 227.9, 9, 133.2, 139.1, 12.9
1, 128031, 11/12/2018 03:59:23, 24.6, 38.7, 8.5, 173.3, 239, 40.6, 0.8, 0, 208.7, 99.2, 31087.9, 164, 6.3, 46.6, 139.1, 4.3
1, 128032, 11/12/2018 04:19:22, 29.9, 92, 8.4, 417.2, 520, 34.7, 0.7, 0, 1072.2, 235.5, 44432.3, 243.2, 11.2, 135.3, 89, 5.4
1, 128033, 11/12/2018 04:41:23, 35.2, 66.4, 9.4, 253.2, 525.6, 46.9, 0.8, 0, 369.2, 170.1, 46027.6, 341.9, 9.8, 127.2, 115, 6.2
1, 128034, 11/12/2018 04:59:22, 35.5, 72.1, 9.5, 2258.6, 508.4, 35.3, 0.8, 0, 577.6, 184.5, 45466.8, 517.6, 11.4, 178.3, 103.6, 8.3
1, 128035, 11/12/2018 05:20:22, 37.3, 87, 9.9, 664.8, 251, 38.1, 0.8, 0, 858, 222.7, 71414.5, 188.6, 13.7, 240.1, 83.8, 8
1, 128036, 11/12/2018 05:39:22, 25.4, 51.6, 7.6, 383, 199.5, 29.2, 0.7, 0, 365.9, 132, 52740.4, 166.1, 9.9, 183.8, 75.7, 8.9
1, 128037, 11/12/2018 05:59:22, 48.2, 76.1, 12.1, 2680.5, 326.8, 48.6, 0.9, 0, 525.3, 194.8, 60866.7, 338, 10.6, 226.6, 93.8, 9.4
1, 128038, 11/12/2018 06:19:22, 34.6, 46.5, 9.1, 849.9, 273.5, 40.7, 0.7, 0, 304.9, 119.1, 12707.6, 194.5, 8.8, 145, 75.6, 6.1
1, 128039, 11/12/2018 06:39:21, 13.9, 27.8, 4.2, 120.9, 172.8, 31.4, 0.4, 0, 217.9, 71.3, 11445.9, 180.9, 5.5, 65.8, 52.8, 2.7
1, 128040, 11/12/2018 07:00:21, 29.7, 55.4, 7.7, 7891.4, 274.5, 44.2, 0.7, 0, 282.4, 141.9, 19999.9, 205.2, 6.3, 99.1, 76.1, 5.1
1, 128041, 11/12/2018 07:19:22, 26, 48.1, 8, 698.3, 252.9, 48.5, 0.7, 0, 220.8, 123.1, 14090.7, 201.7, 6, 80.2, 86.8, 5.4
1, 128042, 11/12/2018 07:39:22, 21.7, 55.2, 7.1, 70.7, 228.6, 45.3, 0.6, 0, 251.2, 141.3, 13926.1, 309.6, 6.4, 58.9, 85.6, 4.1
1, 128043, 11/12/2018 07:59:22, 33.7, 84.7, 10, 1529, 311, 58.3, 0.8, 0, 1969.9, 216.9, 19209.7, 188.9, 8, 72.7, 116.1, 6.2
1, 128044, 11/12/2018 08:19:22, 72.7, 103.5, 16, 10796.4, 354.6, 50, 2.8, 0.1, 376.3, 264.9, 19378, 242.1, 17.2, 268.2, 104.2, 6.7
1, 128045, 11/12/2018 08:39:22, 56.9, 84.5, 15.2, 3083.3, 471.3, 44.9, 1.2, 0, 356.2, 216.3, 41025.8, 202.4, 15.4, 246.1, 95.7, 10.3
1, 128046, 11/12/2018 09:00:21, 68.5, 103.4, 15.9, 7872.9, 421.1, 44.4, 1.9, 0.2, 347.1, 264.6, 53591.2, 270.2, 21.3, 336.7, 89.5, 11.3
1, 128047, 11/12/2018 09:19:21, 69.7, 116.4, 14.6, 4834.5, 394.5, 37.8, 1.7, 0.1, 444.2, 298, 51459.6, 249.5, 20, 300.9, 90.1, 8.3
1, 128048, 11/12/2018 09:40:21, 67.3, 121.6, 14.6, 3382.8, 290.7, 46, 5, 0.8, 903.1, 311.3, 50237.8, 166.2, 16.8, 238.7, 101.5, 11.7
1, 128049, 11/12/2018 09:59:21, 51.7, 90.6, 12.6, 3322.9, 494.6, 67.8, 1.1, 0, 315.4, 231.9, 26995.7, 192.1, 14, 196.9, 117.3, 12.1
1, 128050, 11/12/2018 10:19:21, 49.1, 78.7, 12.3, 1371.7, 414, 65.6, 1, 0, 301.1, 201.4, 22792.1, 220.9, 8.4, 114.2, 104, 16.1
1, 128051, 11/12/2018 10:39:21, 39.8, 73.5, 10.4, 1459, 345.1, 59, 0.8, 0, 283, 188.1, 16694.4, 244.7, 7.3, 89.9, 87.4, 12.2
1, 128052, 11/12/2018 10:59:21, 31.4, 78.3, 9, 697.7, 321.9, 48.9, 0.8, 0, 301.6, 200.6, 30775.4, 225.3, 6.1, 61.8, 107.7, 13.4
1, 128053, 11/12/2018 11:20:21, 32.1, 64.9, 9.3, 1035.6, 325.2, 50.4, 0.8, 0, 263.7, 166.2, 15200.2, 178.3, 6.5, 69.9, 111.2, 11.7
1, 128054, 11/12/2018 11:40:21, 45.1, 67.8, 12, 1668.4, 402.1, 46.1, 0.9, 0, 288, 173.6, 37781.2, 194.7, 9.8, 158.3, 102.6, 14.7
1, 128055, 11/12/2018 11:59:21, 46.5, 63.7, 12.2, 973.2, 390.2, 51.5, 1, 0.1, 201, 163.1, 18290, 171.9, 8.8, 136.9, 111.5, 16.6
1, 128056, 11/12/2018 12:19:21, 36.9, 62.4, 9.5, 684.1, 347.4, 49.7, 0.8, 0, 279, 159.8, 29221.6, 211.2, 7.2, 85.9, 104.1, 16.3
1, 128057, 11/12/2018 12:39:21, 38, 49.7, 10.5, 907.5, 320, 55, 0.9, 0, 155.3, 127.2, 39193.6, 179.4, 6.3, 62.7, 117.4, 17.4
1, 128058, 11/12/2018 12:59:20, 43.4, 55.7, 11.4, 502.4, 301, 63.1, 0.9, 0, 193.8, 142.6, 38138.9, 172, 6.3, 70.9, 131.6, 10.4
1, 128059, 11/12/2018 13:20:21, 33.7, 57.1, 9.8, 985, 282, 57.2, 0.8, 0, 289.4, 146.2, 26740.3, 166.3, 6.1, 59.4, 129.2, 4.7
1, 128060, 11/12/2018 13:40:21, 36.1, 60.4, 10, 909.1, 297.1, 56.3, 0.8, 0, 252.7, 154.7, 13195.5, 155.3, 6.2, 74.5, 135, 5.4
1, 128061, 11/12/2018 14:00:21, 31.3, 48.7, 9.1, 423.1, 274.1, 54.6, 0.8, 0, 180.6, 124.7, 10671, 169, 5.1, 41, 134.3, 7.9
1, 128062, 11/12/2018 14:20:20, 33.7, 49.1, 9.7, 2160.6, 286, 57.5, 0.8, 0, 212.5, 125.8, 12281.7, 246.3, 6.9, 80.3, 138.6, 6.6
1, 128063, 11/12/2018 14:39:20, 49, 47.5, 12.6, 4818.4, 277.7, 57.9, 1, 0, 172.4, 121.5, 39573.5, 219.1, 10.9, 132.7, 152.9, 6.2
1, 128064, 11/12/2018 15:00:21, 62.1, 82.4, 13.9, 3334.4, 314.8, 55.7, 1.7, 0, 357.8, 211, 37234.5, 357.7, 13.9, 189.1, 126.9, 6
2, 128019, 10/12/2018 23:59:36, 35.2, 54.2, 9.1, 1159, 366.1, 44.7, 0.7, 0, 257.8, 138.6, 33814.8, 372.8, 9.5, 189.2, 128.2, 8.2
2, 128020, 11/12/2018 00:19:36, 32.4, 63.6, 8.7, 11963.5, 238, 46.7, 0.7, 8, 270.3, 162.8, 37457.4, 381.3, 12.4, 201.2, 128.5, 18.1
2, 128021, 11/12/2018 00:39:35, 58.8, 112.2, 14.7, 3271.6, 276.9, 49.5, 1.3, 12.7, 390.6, 287.1, 45046.1, 450.2, 23.8, 323.3, 145.4, 16.1
2, 128022, 11/12/2018 00:59:35, 60.4, 115.4, 14.9, 2050.1, 327.4, 49.3, 1.3, 4.1, 390.4, 295.5, 37543.5, 379.7, 21.9, 309.1, 151.4, 16.8
2, 128023, 11/12/2018 01:19:36, 49.5, 83.1, 12.5, 1328.5, 313.5, 59.5, 0.9, 3, 286.7, 212.7, 38120.7, 472.3, 19.4, 258.8, 154.2, 12.1
2, 128024, 11/12/2018 01:39:35, 46.8, 65.2, 11.1, 28777.3, 175.7, 30.2, 0.8, 2.4, 270.3, 167, 39008.2, 416.8, 21.3, 317.1, 140.4, 14.3
2, 128025, 11/12/2018 01:59:35, 52.5, 71.3, 11.2, 33335.4, 129.4, 23.7, 0.8, 3.6, 295.6, 182.4, 43514.1, 351.5, 21, 312.1, 118.2, 14.3
2, 128026, 11/12/2018 02:19:35, 52.6, 63.5, 11.4, 47134.7, 153.9, 27.2, 0.8, 0.3, 217.7, 162.4, 39608, 575.2, 17.7, 309.9, 118.7, 7.5
2, 128027, 11/12/2018 02:39:35, 48.3, 59.3, 11.8, 41942.4, 227.8, 36.3, 0.9, 0, 289.1, 151.9, 34068.6, 454.9, 14.2, 245.7, 190.6, 4.2
2, 128028, 11/12/2018 02:59:35, 36.3, 38, 9.8, 745, 181.6, 37.4, 0.8, 0, 144.1, 97.4, 34251.2, 317.7, 10.5, 171.8, 227.6, 3.8
2, 128029, 11/12/2018 03:20:35, 33.6, 59.7, 8.5, 1488.9, 192.6, 27.1, 0.7, 0.3, 356.5, 152.9, 22940.2, 379.3, 13.1, 236.7, 155.8, 6.8
2, 128030, 11/12/2018 03:39:35, 34.5, 47.4, 9.6, 1246.8, 177.6, 30.6, 0.8, 0, 221.1, 121.3, 22748.6, 367.7, 11.5, 213.5, 171, 9.9
2, 128031, 11/12/2018 03:59:35, 28.4, 36.9, 7.4, 270.2, 187.9, 25.6, 0.6, 0, 210.1, 94.3, 37913.5, 284.3, 9.4, 160.2, 124.9, 2.7
2, 128032, 11/12/2018 04:19:35, 24.3, 58.3, 5.5, 56.6, 495.8, 14.6, 0.4, 0, 286.3, 149.1, 53851.2, 338.7, 7.5, 130.8, 45.7, 1.7
2, 128033, 11/12/2018 04:40:35, 27.4, 35.6, 6, 171, 485.3, 18.5, 0.5, 0, 220.1, 91.2, 54344.5, 366.9, 7.2, 133.8, 74.8, 2.5
2, 128034, 11/12/2018 04:59:35, 34.1, 35, 7.8, 1623.9, 452.3, 21.2, 0.6, 0.1, 182, 89.6, 60533.9, 403.7, 8.4, 176, 87.3, 3.6
2, 128035, 11/12/2018 05:20:34, 22.8, 28.7, 6.1, 630.8, 129.7, 18.2, 0.5, 0, 147.7, 73.5, 56923.3, 399.1, 7.1, 165.9, 59.3, 2.6
2, 128036, 11/12/2018 05:39:34, 20, 19.4, 5.7, 597.5, 101.4, 20.6, 0.5, 0, 76.6, 49.7, 50377.9, 441.5, 7.9, 156.2, 59.1, 3.4
2, 128037, 11/12/2018 05:59:34, 37.5, 49, 9.3, 3094.9, 284.7, 23.7, 0.7, 0, 209.1, 125.4, 95641.4, 390.9, 9.1, 226.4, 78.4, 8.4
2, 128038, 11/12/2018 06:19:34, 44.3, 44.6, 8.8, 1078.8, 349.5, 21.1, 0.6, 0, 207, 114.1, 101622.6, 433, 8.1, 220.7, 64.5, 4.6
2, 128039, 11/12/2018 06:39:34, 58.5, 67.2, 10.3, 1340.3, 386, 22.2, 0.7, 0, 305.9, 171.9, 74169.3, 324.9, 10, 283.6, 63, 6
2, 128040, 11/12/2018 06:59:35, 64.8, 94.7, 13.1, 1967.1, 316.1, 28.1, 1, 0.2, 417.4, 242.3, 74828.8, 383.4, 12.1, 312.3, 84.1, 9.5
2, 128041, 11/12/2018 07:19:34, 62, 78.8, 12.7, 1067.7, 346.4, 34.6, 0.9, 0, 527.2, 201.8, 62343.8, 368.5, 11.2, 284.6, 101.1, 7.5
2, 128042, 11/12/2018 07:39:34, 37.9, 80.6, 8.6, 1099.3, 286.2, 33.4, 0.6, 0, 353.2, 206.3, 35896.3, 328.4, 9.6, 228.2, 89.5, 4.4
2, 128043, 11/12/2018 07:59:33, 56.2, 74.2, 12.2, 1294.8, 465.4, 47.2, 0.9, 0.1, 349.8, 189.9, 52087.7, 291.7, 11.9, 264.9, 138, 8.4
2, 128044, 11/12/2018 08:19:34, 46.1, 72.2, 12, 18861.3, 269.3, 50.2, 0.9, 0.4, 364.5, 184.8, 32390.6, 391.4, 11.1, 241.2, 137.5, 7.5
2, 128045, 11/12/2018 08:39:34, 35.3, 56, 10.4, 544.1, 269.6, 55.3, 0.8, 0, 236, 143.3, 20958, 408.8, 9.2, 192.6, 143.9, 6.5
2, 128046, 11/12/2018 09:00:34, 85.8, 113.6, 18, 15546.9, 638.2, 52.8, 5, 0.3, 447.4, 290.9, 102192.2, 336.9, 16.8, 381.6, 146.1, 9.5
2, 128047, 11/12/2018 09:19:34, 81.6, 121.4, 15.9, 4974.9, 406.6, 50.1, 4.7, 0.1, 450.1, 310.9, 77980.9, 348.2, 14.7, 346, 141.4, 9.3
2, 128048, 11/12/2018 09:39:34, 78.8, 105.5, 15.5, 575.7, 380.5, 61.5, 2, 0, 403.4, 270.1, 81211.9, 346.6, 12, 282, 144.1, 7.7
2, 128049, 11/12/2018 09:59:34, 81.7, 95.7, 16.4, 770.2, 439.2, 63.8, 2.8, 0.1, 323.1, 244.9, 74056.1, 271.8, 12, 281.1, 168, 7.3
2, 128050, 11/12/2018 10:19:33, 75.3, 101, 16.4, 1296.1, 510.7, 67.5, 2.1, 0, 584.8, 258.7, 50188.7, 309.7, 11.2, 265.4, 182.7, 8.9
2, 128051, 11/12/2018 10:39:33, 49.8, 79.4, 12.7, 724.1, 404.3, 65.7, 1, 0, 366.1, 203.3, 35481.4, 514.5, 9.5, 214.6, 165.3, 7.7
2, 128052, 11/12/2018 10:59:33, 48.2, 89.9, 12.8, 305.9, 355.7, 68, 1, 0, 388.5, 230, 40322.7, 552.5, 7.1, 163.9, 209.2, 8.9
2, 128053, 11/12/2018 11:20:33, 47.6, 72.4, 13.3, 333.3, 377.4, 68.5, 1.1, 0, 288.8, 185.4, 52050.1, 354.3, 5.8, 155, 202.8, 7.4
2, 128054, 11/12/2018 11:39:34, 59.6, 73.7, 16.6, 2545.9, 386.5, 71.4, 1.3, 0, 346.4, 188.7, 36727.4, 425.8, 8.3, 176.3, 214.4, 10.8
2, 128055, 11/12/2018 11:59:33, 51.3, 50.7, 15.1, 315.4, 349.7, 77.4, 1.2, 0, 157.1, 129.8, 35303.9, 298.1, 4.5, 93.6, 232.8, 10
2, 128056, 11/12/2018 12:19:33, 47.7, 65.2, 13.8, 258.6, 380.5, 80.9, 1.1, 0, 309.6, 166.8, 39852.4, 350, 5.3, 120.2, 219, 7.8
2, 128057, 11/12/2018 12:39:33, 53.2, 49.7, 15.7, 446.7, 343.7, 73.6, 1.2, 0, 155.2, 127.3, 26314, 302.4, 5.2, 103.3, 231, 9
2, 128058, 11/12/2018 12:59:33, 41.9, 40.9, 12.3, 677.2, 399.1, 71.3, 1, 0, 152.5, 104.8, 26039, 293.2, 4.8, 62.6, 220.1, 5.6
2, 128059, 11/12/2018 13:19:33, 42, 59.3, 11.8, 2635.9, 594.5, 68.3, 0.9, 0, 291.4, 151.7, 12518.8, 307.4, 5.2, 69.9, 187.3, 4.8
2, 128060, 11/12/2018 13:39:33, 47.8, 66.3, 12.7, 2597.6, 578.5, 66.8, 1, 0, 327.9, 169.7, 18896.4, 309.4, 5, 63.3, 199.3, 5.4
2, 128061, 11/12/2018 13:59:33, 43.6, 57.8, 12.1, 1974.2, 518.8, 68.9, 0.9, 0, 277.2, 148.1, 12110.9, 264.3, 5.3, 51.3, 201.1, 7.5
2, 128062, 11/12/2018 14:20:32, 42.3, 52.3, 12.3, 7431.2, 374.1, 71, 1, 0.1, 242.5, 133.9, 18950.1, 361.3, 5.8, 78.2, 209.3, 6.6
2, 128063, 11/12/2018 14:39:33, 39.5, 39.1, 11.9, 5737.7, 352.8, 71.9, 1, 0, 149.2, 100.2, 12205, 309.9, 4.8, 65.1, 203.9, 5.4
2, 128064, 11/12/2018 14:59:32, 29.5, 45.2, 9.4, 5700.6, 303.3, 67, 0.8, 0, 315.4, 115.7, 12282.4, 390.5, 4.3, 17.8, 175.8, 4.8
3, 128019, 10/12/2018 23:59:40, 58, 76.1, 10, 23103.2, 228.5, 4.2, 0.7, 1.1, 361.9, 194.9, 74313.9, 257.8, 28.6, 539.2, 17.4, 6.4
3, 128020, 11/12/2018 00:19:39, 58, 123.4, 10.1, 28140.4, 141.1, 3.8, 0.7, 5, 419.9, 316, 97171.3, 634.1, 62.1, 716.6, 21.1, 14.3
3, 128021, 11/12/2018 00:39:39, 91.3, 142.6, 14.8, 9899.6, 196.9, 1.6, 7.1, 16.5, 473.3, 365, 95062.5, 618, 67.6, 861.3, 19.5, 11.6
3, 128022, 11/12/2018 00:59:40, 73.6, 134.4, 12.5, 19733.9, 233.9, 4, 3.9, 33.4, 381.2, 344, 87668.5, 409.1, 53.3, 867.4, 17.5, 8.5
3, 128023, 11/12/2018 01:19:39, 74, 111.1, 13.9, 6109.3, 581.3, 4.6, 2.9, 14.8, 399.1, 284.4, 77023.1, 277, 44.9, 852.9, 18.2, 7.7
3, 128024, 11/12/2018 01:40:34, 61.6, 79.9, 11.5, 2593.3, 603.8, 1.2, 0.9, 12.7, 365.6, 204.6, 86153.3, 212.6, 37.9, 619.9, 24, 6.3
3, 128025, 11/12/2018 01:59:33, 65, 119.4, 11.8, 18087.4, 351.9, 5, 6.6, 43.3, 385.6, 305.7, 91918.6, 172.8, 40.1, 717.7, 16, 8.6
3, 128026, 11/12/2018 02:19:34, 64.7, 106.8, 12.7, 7846.7, 539.9, 2.9, 4.4, 27.3, 397.8, 273.4, 86953.7, 115.9, 35.9, 707.6, 11.5, 8.1
3, 128027, 11/12/2018 02:39:34, 62.3, 96.8, 14.1, 13727.2, 452, 2.1, 1.1, 22.8, 288.7, 247.9, 80083.8, 103.1, 35.6, 668.8, 6.3, 13.7
3, 128028, 11/12/2018 02:59:34, 70.1, 116.9, 16.4, 33002.1, 312.8, 4.9, 3.5, 20.9, 530.7, 299.3, 76312, 244.4, 37.6, 760.8, 8.2, 22.9
3, 128029, 11/12/2018 03:20:34, 72.7, 125.2, 15.1, 37856, 505.7, 4.7, 8.8, 14.8, 404.3, 320.6, 63500, 165, 38.8, 876.8, 6.8, 26.5
3, 128030, 11/12/2018 03:39:33, 66.7, 100.6, 15.1, 72084.6, 437.9, 12.6, 1.1, 6.1, 337.6, 257.6, 70602.6, 115, 37.6, 878.5, 5.8, 31.9
3, 128031, 11/12/2018 03:59:33, 68.2, 112, 15.7, 6014.7, 392.4, 9.1, 2.1, 12.3, 456.6, 286.7, 84694.2, 3562.4, 45.3, 1026, 5.4, 27.6
3, 128032, 11/12/2018 04:19:34, 63.8, 103.2, 14.3, 7182.2, 500, 6.9, 1.2, 1.2, 371.3, 264.2, 88223, 4007, 33.6, 805, 4.9, 18.4
3, 128033, 11/12/2018 04:40:33, 63.3, 102.3, 13.5, 14689.9, 452.7, 5.3, 1.4, 6.8, 388.9, 262, 81590.7, 4615.5, 31.2, 762.1, 5.1, 26.1
3, 128034, 11/12/2018 04:59:33, 61, 77.3, 12.6, 29109.1, 451.1, 7.8, 0.9, 1.8, 268.4, 197.9, 90463.3, 3657.2, 30.8, 702.4, 6.3, 19.4
3, 128035, 11/12/2018 05:19:33, 54.7, 63.9, 11.4, 6202.6, 567.9, 10.4, 0.7, 0, 244.8, 163.7, 84313.4, 1176.8, 27.9, 712.1, 5.5, 12.6
3, 128036, 11/12/2018 05:39:33, 45.8, 51.4, 11.4, 7191.5, 320.1, 9.9, 0.7, 0.6, 170.3, 131.5, 96400.7, 1291.4, 28, 709, 8, 12.1
3, 128037, 11/12/2018 05:59:34, 54.8, 72.9, 13.2, 23392.7, 271.7, 9, 0.8, 1.2, 293.7, 186.7, 78136.1, 704.4, 35, 934.5, 13.8, 12.8
3, 128038, 11/12/2018 06:19:33, 44.7, 53, 11.9, 5022.3, 197.9, 12.8, 0.8, 0.5, 230.2, 135.6, 60359.5, 6770.4, 25.7, 760.1, 9.1, 12.4
3, 128039, 11/12/2018 06:39:33, 49.1, 72.1, 12.7, 6533.1, 384.3, 12.5, 0.7, 1.8, 395, 184.6, 51251.9, 159.6, 25.1, 713.1, 5.7, 10.2
3, 128040, 11/12/2018 06:59:33, 66.1, 87.1, 14.2, 19940.9, 487.6, 8.3, 1.1, 6.1, 319.3, 222.9, 78442.1, 227.2, 30.4, 791.1, 5.4, 12.2
3, 128041, 11/12/2018 07:19:33, 62.9, 97, 12.8, 10036.5, 214.8, 4.7, 0.9, 5.6, 363.7, 248.4, 67340.8, 169.6, 29.5, 743.8, 5.7, 9.8
3, 128042, 11/12/2018 07:39:33, 51.3, 85.7, 11.7, 12594.8, 492.2, 6.7, 0.7, 3.8, 284.1, 219.5, 81268.6, 314.5, 31.4, 722.3, 7.9, 9.2
3, 128043, 11/12/2018 07:59:33, 55.5, 105.2, 10.9, 35793.5, 315.5, 13.1, 0.7, 35.9, 337.9, 269.2, 48844.7, 220.2, 36.5, 774.8, 7.9, 9.1
3, 128044, 11/12/2018 08:19:32, 53.4, 97.6, 9.7, 6187.3, 433.8, 12.1, 0.7, 22.1, 328.3, 249.9, 83881.7, 175.1, 34.6, 699.1, 7.2, 6.8
3, 128045, 11/12/2018 08:39:32, 70.6, 114.2, 13.6, 6998, 346.3, 12.1, 2.7, 18.7, 401.1, 292.2, 72809.9, 162.5, 30.6, 762.6, 11.5, 11.7
3, 128046, 11/12/2018 09:00:32, 61.6, 130.8, 11.1, 20487.4, 315, 12.7, 5.7, 49.5, 488, 334.9, 89411.1, 150, 33.9, 860.6, 9.3, 10.1
3, 128047, 11/12/2018 09:19:32, 55.3, 135.7, 9.8, 14409, 325.7, 11.6, 1.2, 47.7, 502.5, 347.3, 84828.7, 95.4, 33.4, 880.3, 9.2, 7.6
3, 128048, 11/12/2018 09:40:32, 69.4, 172.3, 13, 14164.7, 357.9, 11.9, 6.6, 46.4, 595.3, 441.2, 97822.5, 142.1, 36.8, 1089.4, 7.8, 9.6
3, 128049, 11/12/2018 09:59:32, 71.2, 152.1, 13.9, 14477.4, 477.5, 21.1, 7.5, 42.9, 567.8, 389.5, 83564, 151.9, 37.3, 1106.6, 8.3, 10.9
3, 128050, 11/12/2018 10:19:33, 65.2, 130.1, 11, 2840.1, 558.3, 30.9, 7.4, 53, 392.2, 333, 86136.2, 196.1, 37.6, 1073.7, 8.3, 8.3
3, 128051, 11/12/2018 10:39:32, 56.4, 150.2, 10.2, 1971.6, 325.6, 14.2, 5, 53.9, 621.8, 384.5, 62859.5, 134, 38.9, 1065.6, 10.1, 7.9
3, 128052, 11/12/2018 10:59:32, 64.3, 179.2, 12.3, 39369.6, 354, 13.7, 6.3, 54.1, 713, 458.8, 67778.4, 106.7, 44.3, 1179.9, 10.1, 10.8
3, 128053, 11/12/2018 11:20:32, 59.5, 124.6, 11.5, 4535.9, 425.2, 8.7, 1.3, 41.2, 508, 319, 79477.2, 117.6, 37.6, 942.3, 11, 8.6
3, 128054, 11/12/2018 11:39:32, 56.6, 105.9, 10.5, 3030.3, 221, 21.3, 0.7, 41.6, 342.5, 271, 68064.2, 77.1, 35.7, 856.3, 11.1, 7.7
3, 128055, 11/12/2018 11:59:32, 64.6, 122.6, 11.3, 32316.3, 302.8, 12.2, 5.2, 51.5, 382.3, 313.8, 68181, 88, 32.5, 829.3, 9.7, 9.1
3, 128056, 11/12/2018 12:19:32, 74.2, 139.1, 12.7, 6215, 367.4, 19.4, 12.6, 48.3, 493.3, 356.2, 84324.2, 77.2, 35.4, 965.3, 8.5, 7.5
3, 128057, 11/12/2018 12:39:32, 71.6, 131.4, 12, 5780.5, 410.8, 7.7, 7.5, 51.4, 365.2, 336.5, 71543.5, 75, 35.1, 961.3, 9.1, 8.5
3, 128058, 11/12/2018 12:59:32, 78.5, 152.2, 11.8, 19117.5, 355.4, 14.5, 10.6, 55, 442.2, 389.7, 79408.9, 84, 35, 990.7, 7.6, 9.4
3, 128059, 11/12/2018 13:19:32, 68.6, 125, 12.3, 2327.7, 418.7, 10.3, 1.4, 37.8, 465.7, 320.1, 86333.9, 49, 32.3, 898.4, 9.7, 8.1
3, 128060, 11/12/2018 13:39:32, 76, 136.1, 13, 12351.9, 470.3, 5.5, 6.5, 41.9, 434, 348.5, 101567.9, 87, 34.5, 963.7, 7.7, 9.4
3, 128061, 11/12/2018 13:59:31, 77.7, 157.6, 14.8, 32800.5, 427.5, 5.7, 12.1, 49.7, 467.7, 403.4, 111434.3, 83.9, 39.8, 1032.2, 7.8, 14.7
3, 128062, 11/12/2018 14:20:31, 73.7, 147.1, 14.2, 4724.5, 437.4, 22.8, 15.2, 43, 587.1, 376.6, 97650, 64.1, 37.9, 1020.5, 7.4, 14.5
3, 128063, 11/12/2018 14:39:31, 64.7, 116.1, 12.6, 7698.1, 430.6, 19.5, 2.4, 41.4, 358.8, 297.3, 95113.3, 43.1, 32.1, 815, 7.8, 11
3, 128064, 11/12/2018 14:59:31, 67, 130.8, 11.8, 20751.7, 369.2, 22.5, 4.7, 45.2, 380.1, 334.9, 86814.9, 63.8, 31.6, 852.3, 6.7, 9.4
4, 128019, 10/12/2018 23:59:58, 40.2, 53.1, 8.5, 19881.8, 288.3, 3.6, 0.6, 0, 227.7, 135.8, 79888, 225.8, 37.4, 702.4, 1.6, 10.1
4, 128020, 11/12/2018 00:19:58, 45.6, 91.1, 9.4, 11033.4, 106.9, 4.7, 0.7, 2.2, 299.7, 233.3, 105140.7, 307.8, 58.1, 837.2, 4.6, 17.3
4, 128021, 11/12/2018 00:39:57, 56.5, 94.9, 10.5, 7783.9, 245.9, 2.7, 0.8, 18.5, 274.3, 243.1, 80738.6, 353.3, 47.7, 1009, 2.8, 13.4
4, 128022, 11/12/2018 00:59:58, 58.9, 108.3, 11.7, 22244.4, 302.3, 1, 1, 22, 355.9, 277.4, 105017.5, 423, 50.5, 899, 2.3, 14.5
4, 128023, 11/12/2018 01:19:58, 63.9, 101.1, 12.2, 3908.8, 412.5, 0.8, 1.1, 22, 314.1, 258.9, 109691.5, 422.8, 49.7, 799.4, 4.2, 8.5
4, 128024, 11/12/2018 01:39:57, 66.2, 80.7, 11.6, 5653.8, 486.4, 0.6, 0.9, 16, 232.3, 206.5, 102157.2, 133.9, 47.6, 701.1, 6.3, 7.7
4, 128025, 11/12/2018 01:59:58, 79.8, 100.3, 16.3, 20321.6, 506.4, 2.2, 5.2, 15, 327.7, 256.7, 104870.2, 158.1, 52.5, 902.2, 7.8, 16.8
4, 128026, 11/12/2018 02:19:57, 78.8, 93.8, 13.8, 1880.8, 357.2, 3.3, 4.8, 13.5, 315.7, 240, 89424.1, 133.1, 49.9, 837.2, 4.7, 11.8
4, 128027, 11/12/2018 02:39:58, 51.9, 72.5, 9.6, 1458.7, 352.2, 2.9, 0.7, 8.1, 354.2, 185.7, 78817.8, 112, 37.4, 707.2, 2.6, 10.3
4, 128028, 11/12/2018 02:59:57, 77.5, 93, 12.6, 44892.9, 409, 6, 3.1, 3.8, 333.2, 238.2, 98643.3, 230.8, 39.6, 801.6, 2.4, 15.5
4, 128029, 11/12/2018 03:19:57, 60.4, 90.5, 10.1, 49683.7, 249.2, 7.3, 0.9, 13, 282.7, 231.8, 121896, 162, 42.2, 867.8, 2.9, 16.5
4, 128030, 11/12/2018 03:39:57, 59.5, 79.1, 11.7, 68229.6, 376, 11.2, 0.8, 0.1, 294.1, 202.6, 73123.3, 141.7, 42.1, 874.6, 2.9, 26.9
4, 128031, 11/12/2018 04:00:02, 64, 90, 13.5, 36138.1, 248.8, 7.1, 2.6, 0.7, 379, 230.4, 98229.8, 206.8, 48.8, 925.1, 1.8, 16.7
4, 128032, 11/12/2018 04:20:01, 72.5, 89.1, 11.1, 7920.8, 403, 1.6, 1.9, 0.9, 343.6, 228.2, 106314.7, 251.4, 44.7, 789.9, 2.2, 9.2
4, 128033, 11/12/2018 04:41:02, 86, 98.6, 13, 8509, 255.8, 1.3, 1.7, 2.3, 412.8, 252.3, 100223.1, 183.4, 46.9, 781, 1, 15.6
4, 128034, 11/12/2018 05:00:02, 72.2, 72.5, 12, 22563.8, 337.8, 8.8, 1.2, 0.5, 271.9, 185.7, 88296.3, 209.8, 42.7, 770.3, 2.1, 11.5
4, 128035, 11/12/2018 05:20:01, 73.4, 73.6, 12.3, 4164.1, 514.8, 3.6, 1.4, 0.4, 272.4, 188.3, 91688.6, 207.5, 40.7, 748.5, 2.2, 6.5
4, 128036, 11/12/2018 05:39:02, 71, 64.2, 12.3, 3454.3, 558.4, 7.5, 0.9, 2.3, 253.5, 164.4, 88687.5, 180.9, 39.4, 702.2, 2.1, 6.9
4, 128037, 11/12/2018 06:00:01, 66.2, 83, 11.2, 16507.8, 598.4, 2.8, 0.8, 19.2, 281.7, 212.6, 98876.6, 195.9, 42, 800.6, 3.6, 7.5
4, 128038, 11/12/2018 06:20:01, 57.9, 90.5, 9.3, 4848.1, 375.2, 1.6, 1.4, 35, 332.7, 231.6, 98759.6, 175.8, 41.5, 757.7, 2.5, 7.8
4, 128039, 11/12/2018 06:40:02, 59.1, 81.8, 10.7, 8911.9, 276.7, 1.8, 0.8, 16.7, 259, 209.4, 93199.2, 95.9, 38.5, 1080.1, 1.9, 9.1
4, 128040, 11/12/2018 07:00:02, 65.1, 76.9, 10.4, 25978.6, 297.7, 2.3, 0.8, 6.3, 219.5, 197, 118149, 198, 40.6, 756.5, 7.1, 8.8
4, 128041, 11/12/2018 07:20:02, 58.3, 78.6, 10.8, 3070.1, 390.7, 4.1, 0.7, 4.2, 280.3, 201.3, 100605.2, 196.3, 42.2, 815.7, 6.6, 9.2
4, 128042, 11/12/2018 07:40:01, 53.8, 71.4, 9.5, 2021.8, 356.8, 3.3, 0.6, 0.1, 258.3, 182.9, 98990.7, 285.7, 42, 840.6, 8.3, 7.5
4, 128043, 11/12/2018 08:00:01, 64.8, 85.3, 12, 27704.9, 244, 9.2, 1.4, 4.2, 378.4, 218.4, 105932.3, 193.9, 47.3, 913.2, 7.9, 9.2
4, 128044, 11/12/2018 08:20:01, 53.7, 67.5, 10, 3688.2, 260.3, 5.8, 1.1, 1.1, 281.5, 172.7, 94488.2, 124.1, 39.5, 766.4, 7.8, 6.6
4, 128045, 11/12/2018 08:40:01, 44.6, 63.6, 8.9, 17336.2, 147.2, 9, 0.6, 0.1, 197.1, 162.8, 98109.4, 252.2, 37.1, 715.5, 7.9, 6.9
4, 128046, 11/12/2018 09:00:01, 56.9, 80.7, 8.6, 20632.3, 226.7, 7.8, 0.6, 6.1, 248.3, 206.5, 108372.1, 219, 35.4, 780.8, 5.7, 6.1
4, 128047, 11/12/2018 09:20:01, 52.6, 84.2, 8.5, 16642.7, 162.1, 3.1, 0.6, 3.3, 298.9, 215.7, 102836, 230.7, 32.9, 655.1, 3.3, 7.9
4, 128048, 11/12/2018 09:40:01, 62.5, 110, 11.9, 5454.6, 180.6, 3.4, 1.3, 12.8, 375.2, 281.6, 106537.4, 213.8, 36.8, 821.7, 2.7, 8.5
4, 128049, 11/12/2018 10:00:01, 72.2, 127.3, 16.3, 24162, 281.1, 5.7, 2.2, 22.6, 434.1, 325.9, 137747.3, 223.5, 42.5, 970.2, 2.5, 13.7
4, 128050, 11/12/2018 10:20:01, 76.2, 110.4, 14.1, 8046.3, 438.3, 4.3, 7.5, 24.4, 352, 282.6, 80147.5, 191.1, 37.6, 876.8, 2.5, 10
4, 128051, 11/12/2018 10:40:00, 70.6, 114.5, 12.2, 15405, 235.9, 5.2, 3.4, 25.9, 431.2, 293.2, 108287.3, 147.2, 39.6, 801.5, 2.6, 11.4
4, 128052, 11/12/2018 11:00:01, 80.6, 131.1, 13.5, 29287.1, 222.8, 5.4, 4.5, 13.5, 438.6, 335.6, 99279.4, 174.1, 45, 948.5, 2.3, 11.4
4, 128053, 11/12/2018 11:20:01, 58.8, 81.9, 12.3, 4284.4, 260.7, 5.7, 1.1, 4.5, 372.1, 209.7, 82700.4, 123.9, 37.7, 819.4, 2.1, 9.3
4, 128054, 11/12/2018 11:40:00, 45.4, 56.7, 9.1, 10747.9, 108.3, 6.8, 0.7, 0.5, 229.4, 145.1, 72781.4, 116, 32.5, 664.5, 2.1, 8.9
4, 128055, 11/12/2018 12:00:00, 71.2, 95.4, 13.8, 21816.3, 124, 5.5, 2, 15.1, 294.5, 244.1, 102022.1, 114.9, 38.1, 776.1, 2.2, 14
4, 128056, 11/12/2018 12:20:00, 84.6, 121.5, 14.2, 6068.8, 225.2, 2.8, 8.7, 21.7, 402.6, 311.1, 152993.8, 102.8, 42.8, 1039.8, 2.3, 8.4
4, 128057, 11/12/2018 12:40:05, 73.2, 79.8, 13.8, 3624.5, 224, 17.2, 1.5, 4.2, 300.2, 204.2, 123426, 109.2, 41.6, 932, 2.9, 9.6
4, 128058, 11/12/2018 13:00:05, 66.8, 70.7, 12.1, 17450.2, 297.1, 8.4, 1.6, 2.3, 240.8, 180.9, 100071.7, 119, 37.7, 901.2, 2.9, 8.7
4, 128059, 11/12/2018 13:20:05, 61, 77.9, 10.5, 5898.9, 145.5, 1, 1.3, 1.7, 331.5, 199.4, 110877.8, 118.1, 38.4, 827.8, 4.5, 7.4
4, 128060, 11/12/2018 13:40:05, 68, 101.3, 15.1, 4981.9, 132.1, 1.7, 1.3, 2.6, 316.7, 259.4, 116018.4, 130.2, 45.2, 1026.6, 4, 12.6
4, 128061, 11/12/2018 14:00:05, 63.7, 101.9, 12.3, 36411, 156.2, 7.1, 1.4, 22.7, 325.2, 260.9, 117758.5, 122, 43, 927.2, 1.8, 11.4
4, 128062, 11/12/2018 14:20:04, 72.2, 108.2, 13.1, 13127, 470.7, 3.2, 4.5, 19.8, 436.6, 276.9, 120144.1, 135.9, 42.4, 903.3, 0.9, 10.1
4, 128063, 11/12/2018 14:40:05, 65.4, 79.7, 12.2, 6991.8, 396, 2, 1, 9.5, 277.7, 204.2, 131973, 119, 36.9, 725.7, 4.3, 11
4, 128064, 11/12/2018 15:00:05, 64.7, 77, 10.9, 20204.5, 246.5, 1.2, 0.9, 2.5, 246.4, 197.2, 112921.9, 128.2, 36.8, 766.1, 3, 10.2
