INSTANCE_NUMBER, SNAP_ID, T_BEG, USR_GROUP, CPU, DBTIME, PGA, OTH_WAIT, PXENQ, PXQTIME, PXQRY, PXREL, REQS, YIELDS, IOWAIT, READ, WRITE
1, 128019, 11/12/2018 00:00:12, ADW_UNLOAD_GROUP, 5.5, 7.2, 2674.3, 1.7, 4, 7.7, 2, 48, 480, 1897, 0, 121.2, 28.7
1, 128020, 11/12/2018 00:20:06, ADW_UNLOAD_GROUP, 12.6, 15.3, 2659.3, 2.3, 1, 8.3, 1, 16, 583, 4147, 0.4, 336.9, 867.2
1, 128021, 11/12/2018 00:40:13, ADW_UNLOAD_GROUP, 19.3, 21.6, 4637.5, 0.7, 0, 7.6, 0, 0, 349, 9419, 1.6, 339.6, 3659.3
1, 128022, 11/12/2018 01:00:05, ADW_UNLOAD_GROUP, 16.9, 18.4, 5238, 0.4, 10, 10, 2, 48, 553, 8403, 1.1, 1472, 991.6
1, 128023, 11/12/2018 01:20:19, ADW_UNLOAD_GROUP, 12.6, 12.8, 5692.4, 0.2, 1, 11.5, 0, 0, 262, 6176, 0, 209.4, 15.2
1, 128024, 11/12/2018 01:40:26, ADW_UNLOAD_GROUP, 13.3, 13.8, 5801.8, 0.5, 1, 11.6, 0, 0, 230, 7308, 0, 169.6, 28.2
1, 128025, 11/12/2018 02:00:01, ADW_UNLOAD_GROUP, 5.9, 5.9, 3521.9, 0, 0, 11.8, 2, 48, 456, 3189, 0, 136.5, 0.9
1, 128026, 11/12/2018 02:20:10, ADW_UNLOAD_GROUP, 5.7, 6, 4151, 0.3, 12, 14.1, 0, 0, 328, 2433, 0, 184.2, 0.6
1, 128027, 11/12/2018 02:40:18, ADW_UNLOAD_GROUP, 3.4, 10.8, 1947.2, 7.2, 6, 15.4, 7, 100, 548, 1010, 0.2, 181.2, 278
1, 128028, 11/12/2018 03:00:12, ADW_UNLOAD_GROUP, 3.2, 8.8, 1541.7, 4.9, 3, 13.2, 8, 120, 456, 1460, 0.7, 690.9, 1106.8
1, 128029, 11/12/2018 03:20:37, ADW_UNLOAD_GROUP, 1.9, 6.4, 2635.7, 3.8, 2, 13.2, 2, 32, 329, 809, 0.7, 392.6, 2712.3
1, 128030, 11/12/2018 03:40:06, ADW_UNLOAD_GROUP, 2.3, 4.6, 4287.4, 1.9, 1, 13.3, 2, 32, 421, 922, 0.4, 171.2, 178.1
1, 128031, 11/12/2018 04:00:07, ADW_UNLOAD_GROUP, 0.3, 1.4, 78.8, 1, 2, 13.8, 1, 8, 713, 109, 0.1, 45.5, 132
1, 128032, 11/12/2018 04:20:02, ADW_UNLOAD_GROUP, 1.3, 10.3, 511, 6.3, 1, 13.6, 1, 8, 616, 373, 2.7, 395.3, 5193
1, 128033, 11/12/2018 04:40:24, ADW_UNLOAD_GROUP, 1.7, 6.7, 456.9, 3.6, 3, 11.9, 3, 20, 564, 525, 1.4, 93.2, 3258.5
1, 128034, 11/12/2018 05:00:14, ADW_UNLOAD_GROUP, 4.5, 9.3, 920.6, 3, 2, 12.8, 6, 110, 1134, 1931, 1.8, 1292.7, 2106.5
1, 128035, 11/12/2018 05:20:33, ADW_UNLOAD_GROUP, 4.7, 10.5, 5225, 5.1, 9, 11.2, 8, 80, 676, 1139, 0.7, 308.8, 1219.5
1, 128036, 11/12/2018 05:40:01, ADW_UNLOAD_GROUP, 1.8, 4.5, 3490.8, 2.1, 3, 12.4, 4, 64, 694, 443, 0.6, 221, 1949.7
1, 128037, 11/12/2018 06:00:05, ADW_UNLOAD_GROUP, 1.4, 1.9, 112.7, 0.5, 3, 12.9, 2, 48, 770, 507, 0, 788, 27.7
1, 128038, 11/12/2018 06:20:04, ADW_UNLOAD_GROUP, 0.1, 0.2, 5, 0.1, 1, 13, 1, 16, 570, 7, 0, 0, 2.2
1, 128039, 11/12/2018 06:40:06, ADW_UNLOAD_GROUP, 0, 0, 2.6, 0, 0, 13.4, 0, 0, 428, 0, 0, 0, 0
1, 128040, 11/12/2018 07:00:27, ADW_UNLOAD_GROUP, 0, 0, 0.1, 0, 0, 13.8, 0, 0, 581, 0, 0, 0, 0
1, 128041, 11/12/2018 07:20:03, ADW_UNLOAD_GROUP, 0, 0, 0, 0, 0, 13, 0, 0, 599, 0, 0, 0, 0.1
1, 128042, 11/12/2018 07:40:07, ADW_UNLOAD_GROUP, 0.1, 0.4, 18.7, 0.3, 0, 13.3, 25, 172, 940, 5, 0, 2.5, 52.7
1, 128043, 11/12/2018 08:00:12, ADW_UNLOAD_GROUP, 2.2, 4.5, 585.4, 1.9, 0, 12.7, 22, 184, 1348, 970, 0.4, 2982.2, 583.3
1, 128044, 11/12/2018 08:20:02, ADW_UNLOAD_GROUP, 27.8, 34.3, 13919.2, 5.3, 0, 5.8, 40, 444, 1197, 29036, 1.2, 2974.9, 1822.8
1, 128045, 11/12/2018 08:40:13, ADW_UNLOAD_GROUP, 16.1, 26.9, 10437.4, 7, 0, -113.3, 13, 168, 1033, 15952, 3.8, 2064.6, 8950
1, 128046, 11/12/2018 09:00:23, ADW_UNLOAD_GROUP, 25.5, 44, 15644.9, 13.7, 0, 0, 63, 604, 2315, 26938, 4.8, 5569.9, 7722.2
1, 128047, 11/12/2018 09:20:12, ADW_UNLOAD_GROUP, 32.9, 45.5, 23077.4, 10.7, 0, 0, 51, 584, 1531, 39575, 1.9, 4619.3, 2105.9
1, 128048, 11/12/2018 09:40:28, ADW_UNLOAD_GROUP, 34.1, 50.8, 22339, 13.5, 0, 0, 29, 340, 1065, 45454, 3.2, 3640.5, 5938.1
1, 128049, 11/12/2018 10:00:01, ADW_UNLOAD_GROUP, 12.2, 20.9, 11793.6, 6.8, 0, 0, 27, 252, 1287, 7349, 1.9, 2843.8, 2580.6
1, 128050, 11/12/2018 10:20:11, ADW_UNLOAD_GROUP, 8.6, 16.1, 8047.7, 5.5, 0, 0, 21, 188, 1081, 3407, 2, 749.9, 4784.9
1, 128051, 11/12/2018 10:40:11, ADW_UNLOAD_GROUP, 9.6, 15.4, 6449.3, 4.3, 0, 0, 12, 156, 917, 3678, 1.5, 1128.6, 3949.5
1, 128052, 11/12/2018 11:00:16, ADW_UNLOAD_GROUP, 4.7, 10.3, 3669, 4.7, 0, 0, 14, 112, 564, 1196, 0.9, 538.6, 1070.5
1, 128053, 11/12/2018 11:20:34, ADW_UNLOAD_GROUP, 5.2, 11.3, 5568.6, 5.3, 0, 0, 15, 100, 397, 1390, 0.8, 916.6, 1531.6
1, 128054, 11/12/2018 11:40:28, ADW_UNLOAD_GROUP, 5.7, 10.4, 5623, 3.8, 0, 0, 5, 64, 397, 2103, 0.9, 633.7, 1669.3
1, 128055, 11/12/2018 12:00:18, ADW_UNLOAD_GROUP, 4, 8.8, 2272, 3.4, 0, 0, 5, 40, 392, 943, 1.4, 464.8, 1475.7
1, 128056, 11/12/2018 12:20:04, ADW_UNLOAD_GROUP, 2.7, 6.8, 1132.3, 3.2, 0, 0, 14, 104, 373, 514, 0.9, 545.9, 1539.7
1, 128057, 11/12/2018 12:40:13, ADW_UNLOAD_GROUP, 3, 7, 1163.5, 3.1, 0, 0, 10, 76, 540, 712, 0.9, 720.6, 2145.7
1, 128058, 11/12/2018 13:00:18, ADW_UNLOAD_GROUP, 3.3, 9.4, 1217.4, 4.3, 0, 0, 13, 104, 456, 1007, 1.8, 406.7, 3754
1, 128059, 11/12/2018 13:20:18, ADW_UNLOAD_GROUP, 2.6, 8.1, 666.9, 4.5, 0, 0, 13, 88, 478, 700, 1, 671.9, 2729.6
1, 128060, 11/12/2018 13:40:09, ADW_UNLOAD_GROUP, 1.9, 8, 968.2, 5.2, 0, 0, 5, 36, 290, 514, 0.9, 210.2, 2093.9
1, 128061, 11/12/2018 14:00:25, ADW_UNLOAD_GROUP, 2.2, 7.4, 668.2, 3.9, 0, 0, 18, 152, 498, 536, 1.3, 344.5, 2408.4
1, 128062, 11/12/2018 14:20:38, ADW_UNLOAD_GROUP, 1.4, 2.1, 345.7, 0.4, 0, 0, 13, 84, 575, 184, 0.3, 449.5, 270.8
1, 128063, 11/12/2018 14:40:11, ADW_UNLOAD_GROUP, 11.4, 14, 7582, 1.2, 0, 0, 49, 424, 1484, 9009, 1.4, 2935.1, 2079.2
1, 128064, 11/12/2018 15:00:20, ADW_UNLOAD_GROUP, 23.7, 30.8, 15307.3, 5.6, 0, 0, 63, 648, 1957, 22557, 1.5, 3851.9, 3514.9
1, 128019, 11/12/2018 00:00:12, FP_DM_PRIOR, 2.7, 6.8, 584.2, 1.2, 0, 0, 5, 160, 132, 1059, 2.9, 163.9, 10942.7
1, 128020, 11/12/2018 00:20:06, FP_DM_PRIOR, 2.5, 6.3, 566.8, 0.8, 0, 0, 3, 80, 80, 763, 3, 227.4, 10369.9
1, 128021, 11/12/2018 00:40:13, FP_DM_PRIOR, 5.9, 13.5, 1337.2, 3.3, 0, 0, 11, 288, 492, 2564, 4.3, 517.4, 10163.4
1, 128022, 11/12/2018 01:00:05, FP_DM_PRIOR, 6.5, 17.4, 2237.1, 6.1, 0, 0, 7, 208, 131, 3471, 4.8, 464.9, 10140.6
1, 128023, 11/12/2018 01:20:19, FP_DM_PRIOR, 5.3, 15.1, 2897.9, 5.6, 0, 0, 0, 0, 0, 2939, 4.2, 429.1, 12226.8
1, 128024, 11/12/2018 01:40:26, FP_DM_PRIOR, 6.8, 11.2, 1622.4, 0.6, 0, 0, 1, 16, 16, 3000, 3.8, 361.9, 9221.8
1, 128025, 11/12/2018 02:00:01, FP_DM_PRIOR, 4.7, 8.5, 1540.3, 0.1, 0, 0, 0, 0, 18, 1950, 3.7, 260.8, 9575.9
1, 128026, 11/12/2018 02:20:10, FP_DM_PRIOR, 6.9, 13.3, 2202, 2.6, 0, 0, 25, 576, 805, 3721, 3.8, 1608.7, 12224.4
1, 128027, 11/12/2018 02:40:18, FP_DM_PRIOR, 6.3, 12.1, 2549.2, 3.9, 0, 0, 3, 64, 34, 2770, 1.9, 645.2, 9268.8
1, 128028, 11/12/2018 03:00:12, FP_DM_PRIOR, 1.7, 1.7, 558.2, 0, 0, 0, 17, 124, 131, 355, 0, 67, 12
1, 128029, 11/12/2018 03:20:37, FP_DM_PRIOR, 1.5, 6.8, 399.8, 4.2, 0, 0, 87, 2140, 2373, 790, 1.1, 1139.3, 768.3
1, 128030, 11/12/2018 03:40:06, FP_DM_PRIOR, 1.1, 3.2, 272.9, 1.1, 0, 0, 38, 968, 1191, 381, 1, 579.1, 712.2
1, 128031, 11/12/2018 04:00:07, FP_DM_PRIOR, 0.3, 0.7, 25.9, 0.3, 0, 0, 1, 32, 122, 65, 0.1, 61.8, 357.3
1, 128032, 11/12/2018 04:20:02, FP_DM_PRIOR, 0.2, 0.8, 747.3, 0.5, 0, 0, 1, 4, 32, 51, 0.1, 6.6, 271.8
1, 128033, 11/12/2018 04:40:24, FP_DM_PRIOR, 0.2, 0.6, 336.9, 0.3, 0, 0, 1, 16, 16, 26, 0.1, 30.7, 321.3
1, 128034, 11/12/2018 05:00:14, FP_DM_PRIOR, 2.3, 6.8, 703.6, 3.5, 0, 0, 36, 840, 1091, 811, 1, 1008.7, 2567.4
1, 128035, 11/12/2018 05:20:33, FP_DM_PRIOR, 2.4, 4.6, 696.5, 1.4, 0, 0, 5, 112, 104, 593, 0.8, 287.5, 3140.2
1, 128036, 11/12/2018 05:40:01, FP_DM_PRIOR, 2.1, 2.3, 815.8, 0.2, 0, 0, 1, 16, 20, 298, 0, 105, 206.4
1, 128037, 11/12/2018 06:00:05, FP_DM_PRIOR, 4.6, 7, 1888.2, 2, 0, 0, 23, 536, 809, 2489, 0.4, 1327.5, 830.8
1, 128038, 11/12/2018 06:20:04, FP_DM_PRIOR, 5.2, 8.5, 1527.6, 2.5, 0, 0, 1, 16, 0, 2209, 0.8, 510.3, 3283.1
1, 128039, 11/12/2018 06:40:06, FP_DM_PRIOR, 1.3, 1.5, 1063.3, 0.2, 0, 0, 1, 16, 16, 228, 0, 73.4, 3
1, 128040, 11/12/2018 07:00:27, FP_DM_PRIOR, 3.1, 5.9, 1149.4, 2.6, 0, 0, 21, 488, 746, 1168, 0.2, 1128.3, 313.9
1, 128041, 11/12/2018 07:20:03, FP_DM_PRIOR, 1.1, 2.1, 240.9, 0.7, 0, 0, 12, 336, 304, 463, 0.3, 445.6, 900.1
1, 128042, 11/12/2018 07:40:07, FP_DM_PRIOR, 0.1, 0.4, 745.9, 0.2, 0, 0, 0, 0, 0, 13, 0.1, 3, 379.7
1, 128043, 11/12/2018 08:00:12, FP_DM_PRIOR, 0.4, 0.7, 1437.5, 0.2, 0, 0, 4, 64, 32, 62, 0.1, 33.1, 274.4
1, 128044, 11/12/2018 08:20:02, FP_DM_PRIOR, 2.6, 9.4, 1274.7, 6.2, 0, 0, 47, 1180, 1333, 1754, 0.6, 689.1, 836.4
1, 128045, 11/12/2018 08:40:13, FP_DM_PRIOR, 6.1, 10.8, 2384.5, 3.5, 0, 0, 23, 704, 769, 4397, 1.2, 910.2, 3848.2
1, 128046, 11/12/2018 09:00:23, FP_DM_PRIOR, 7.6, 12, 1661.5, 3.7, 0, 0, 49, 1328, 1311, 4126, 0.7, 435.1, 547.8
1, 128047, 11/12/2018 09:20:12, FP_DM_PRIOR, 2.5, 2.7, 934.7, 0.1, 0, 0, 7, 192, 194, 1750, 0.1, 50.5, 27.7
1, 128048, 11/12/2018 09:40:28, FP_DM_PRIOR, 0.4, 0.4, 68.2, 0, 0, 0, 0, 0, 0, 232, 0, 4.1, 4.2
1, 128049, 11/12/2018 10:00:01, FP_DM_PRIOR, 0.3, 0.3, 53.8, 0, 0, 0, 0, 0, 0, 64, 0, 5.3, 2.8
1, 128050, 11/12/2018 10:20:11, FP_DM_PRIOR, 0.3, 0.5, 8, 0.2, 0, 0, 0, 0, 15, 42, 0, 3.9, 0
1, 128051, 11/12/2018 10:40:11, FP_DM_PRIOR, 0.3, 0.4, 628.5, 0.1, 0, 0, 0, 0, 22, 64, 0, 10.1, 7.7
1, 128052, 11/12/2018 11:00:16, FP_DM_PRIOR, 0.3, 0.4, 338.9, 0.1, 0, 0, 0, 0, 19, 46, 0, 5.6, 1.6
1, 128053, 11/12/2018 11:20:34, FP_DM_PRIOR, 1.1, 1.6, 581.4, 0.5, 0, 0, 0, 0, 73, 483, 0, 42.2, 4.2
1, 128054, 11/12/2018 11:40:28, FP_DM_PRIOR, 9.1, 14.9, 2886.9, 4.8, 0, 0, 23, 536, 717, 5080, 1, 946, 2825.8
1, 128055, 11/12/2018 12:00:18, FP_DM_PRIOR, 9.9, 14.5, 2989.5, 3.7, 0, 0, 0, 0, 0, 5585, 0.9, 436.9, 2300.4
1, 128056, 11/12/2018 12:20:04, FP_DM_PRIOR, 8, 9.1, 4335.1, 1, 0, 0, 1, 16, 16, 3532, 0.1, 145.5, 276
1, 128057, 11/12/2018 12:40:13, FP_DM_PRIOR, 6, 6.6, 19751.3, 0.5, 0, 0, 0, 0, 0, 2198, 0.1, 53.7, 503.7
1, 128058, 11/12/2018 13:00:18, FP_DM_PRIOR, 6, 6.8, 13993.3, 0.7, 0, 0, 0, 0, 0, 1153, 0.1, 41, 241.2
1, 128059, 11/12/2018 13:20:18, FP_DM_PRIOR, 1.8, 1.9, 11159.7, 0, 0, 0, 1, 32, 33, 352, 0.1, 132.4, 167
1, 128060, 11/12/2018 13:40:09, FP_DM_PRIOR, 3.4, 4.2, 776.6, 0.6, 0, 0, 19, 592, 696, 755, 0.2, 605.1, 262.3
1, 128061, 11/12/2018 14:00:25, FP_DM_PRIOR, 1.4, 1.7, 217.5, 0.3, 0, 0, 2, 32, 42, 464, 0, 41, 4.1
1, 128062, 11/12/2018 14:20:38, FP_DM_PRIOR, 3.5, 7.5, 983.2, 3.2, 0, 0, 73, 1780, 1910, 1533, 0.8, 1632.6, 1704.1
1, 128063, 11/12/2018 14:40:11, FP_DM_PRIOR, 2.8, 4.5, 835.4, 1.1, 0, 0, 11, 192, 273, 951, 0.6, 275.5, 1673.1
1, 128064, 11/12/2018 15:00:20, FP_DM_PRIOR, 3.4, 4.7, 1638.1, 1.2, 0, 0, 2, 48, 16, 1936, 0.1, 68.3, 168.3
1, 128019, 11/12/2018 00:00:12, HDP_UNLOAD_GROUP, 0, 0, 0, 0, 0, 0, 0, 0, 10, 0, 0, 0, 0
1, 128020, 11/12/2018 00:20:06, HDP_UNLOAD_GROUP, 3.5, 15.7, 660.5, 11.1, 0, 0, 14, 136, 509, 7601, 1.1, 4898.3, 333.4
1, 128021, 11/12/2018 00:40:13, HDP_UNLOAD_GROUP, 11.9, 34.7, 1908.8, 18.3, 0, 0, 45, 432, 662, 16810, 4.5, 4051.4, 2347.4
1, 128022, 11/12/2018 01:00:05, HDP_UNLOAD_GROUP, 11.2, 28.6, 1859.6, 8.3, 0, 0, 33, 340, 500, 12357, 9.1, 752.9, 1450.4
1, 128023, 11/12/2018 01:20:19, HDP_UNLOAD_GROUP, 9.2, 22, 1071.3, 4.4, 0, 0, 30, 304, 588, 8440, 8.4, 673.5, 2209.1
1, 128024, 11/12/2018 01:40:26, HDP_UNLOAD_GROUP, 11.7, 21.7, 1180.3, 5.1, 1, 0, 10, 80, 93, 13357, 4.9, 734.2, 1407
1, 128025, 11/12/2018 02:00:01, HDP_UNLOAD_GROUP, 11.9, 16.5, 984.3, 4.2, 0, 0, 20, 188, 341, 11220, 0.4, 917.2, 252
1, 128026, 11/12/2018 02:20:10, HDP_UNLOAD_GROUP, 7.8, 9.1, 796.2, 1.2, 0, 0, 28, 256, 414, 6013, 0.1, 662.5, 108.7
1, 128027, 11/12/2018 02:40:18, HDP_UNLOAD_GROUP, 1.3, 1.7, 1496.7, 0.4, 0, 0, 8, 72, 144, 223, 0, 93.3, 5.5
1, 128028, 11/12/2018 03:00:12, HDP_UNLOAD_GROUP, 1.4, 1.8, 1057.8, 0.4, 0, 0, 4, 40, 58, 75, 0, 42.4, 4
1, 128029, 11/12/2018 03:20:37, HDP_UNLOAD_GROUP, 0.6, 2.3, 69, 1.5, 0, 0, 10, 160, 240, 142, 0.2, 72.6, 27.2
1, 128030, 11/12/2018 03:40:06, HDP_UNLOAD_GROUP, 1.1, 1.1, 76.8, 0, 0, 0, 15, 192, 292, 508, 0, 141.4, 3
1, 128037, 11/12/2018 06:00:05, HDP_UNLOAD_GROUP, 2.3, 2.5, 576.5, 0.2, 0, 0, 0, 0, 54, 712, 0, 142.7, 3.1
1, 128038, 11/12/2018 06:20:04, HDP_UNLOAD_GROUP, 1.1, 1.1, 201.6, 0, 0, 0, 3, 38, 2, 375, 0, 33.1, 12.8
1, 128039, 11/12/2018 06:40:06, HDP_UNLOAD_GROUP, 0.3, 0.4, 143.9, 0.1, 0, 0, 0, 0, 0, 16, 0, 32.5, 15.5
1, 128040, 11/12/2018 07:00:27, HDP_UNLOAD_GROUP, 0, 0, 1.2, 0, 0, 0, 0, 0, 10, 0, 0, 0.3, 0
1, 128041, 11/12/2018 07:20:03, HDP_UNLOAD_GROUP, 0.4, 0.8, 256.2, 0.3, 0, 0, 0, 0, 12, 53, 0.1, 75, 162.5
1, 128042, 11/12/2018 07:40:07, HDP_UNLOAD_GROUP, 0, 0.4, 111.7, 0.4, 0, 0, 0, 0, 10, 2, 0, 25.8, 155.6
1, 128043, 11/12/2018 08:00:12, HDP_UNLOAD_GROUP, 1.2, 1.7, 258, 0.4, 0, 0, 0, 0, 28, 181, 0.1, 68.6, 172.3
1, 128044, 11/12/2018 08:20:02, HDP_UNLOAD_GROUP, 0.6, 1, 186.6, 0.3, 0, 0, 0, 0, 2, 303, 0.1, 31.4, 119.3
1, 128045, 11/12/2018 08:40:13, HDP_UNLOAD_GROUP, 0.3, 0.6, 97.6, 0.3, 0, 0, 0, 0, 10, 66, 0, 22.4, 100.7
1, 128046, 11/12/2018 09:00:23, HDP_UNLOAD_GROUP, 0.1, 0.1, 0.9, 0, 0, 0, 0, 0, 10, 16, 0, 0.2, 0
1, 128048, 11/12/2018 09:40:28, HDP_UNLOAD_GROUP, 0, 0, 0, 0, 0, 0, 0, 0, 10, 0, 0, 0, 0
1, 128049, 11/12/2018 10:00:01, HDP_UNLOAD_GROUP, 0, 0.1, 6.9, 0.1, 0, 0, 0, 0, 10, 0, 0, 0, 0
1, 128050, 11/12/2018 10:20:11, HDP_UNLOAD_GROUP, 0.5, 0.9, 328.7, 0.3, 0, 0, 0, 0, 14, 96, 0.1, 71.4, 183.3
1, 128051, 11/12/2018 10:40:11, HDP_UNLOAD_GROUP, 0.2, 0.6, 113.9, 0.4, 0, 0, 0, 0, 10, 16, 0, 48.7, 200.4
1, 128052, 11/12/2018 11:00:16, HDP_UNLOAD_GROUP, 0.1, 0.4, 74, 0.3, 0, 0, 0, 0, 10, 4, 0, 19.2, 94.7
1, 128053, 11/12/2018 11:20:34, HDP_UNLOAD_GROUP, 0.1, 0.4, 85.4, 0.3, 0, 0, 0, 0, 0, 4, 0, 30, 162
1, 128054, 11/12/2018 11:40:28, HDP_UNLOAD_GROUP, 0.1, 0.1, 30.5, 0, 0, 0, 0, 0, 10, 8, 0, 7, 40.7
1, 128056, 11/12/2018 12:20:04, HDP_UNLOAD_GROUP, 0.1, 0.1, 2.4, 0, 0, 0, 0, 0, 4, 7, 0, 0.5, 0.6
1, 128057, 11/12/2018 12:40:13, HDP_UNLOAD_GROUP, 0.1, 0.1, 1.8, 0, 0, 0, 0, 0, 11, 3, 0, 0, 0
1, 128058, 11/12/2018 13:00:18, HDP_UNLOAD_GROUP, 0.2, 0.3, 26.7, 0.1, 0, 0, 0, 0, 26, 23, 0, 10.2, 12.9
1, 128059, 11/12/2018 13:20:18, HDP_UNLOAD_GROUP, 0.4, 0.6, 330.5, 0.1, 0, 0, 0, 0, 0, 51, 0.1, 126, 426.1
1, 128060, 11/12/2018 13:40:09, HDP_UNLOAD_GROUP, 0.2, 0.3, 41.4, 0, 0, 0, 0, 0, 12, 28, 0.1, 45.8, 247.6
1, 128061, 11/12/2018 14:00:25, HDP_UNLOAD_GROUP, 0, 0, 0, 0, 0, 0, 0, 0, 14, 0, 0, 0, 0
1, 128062, 11/12/2018 14:20:38, HDP_UNLOAD_GROUP, 0.1, 0.1, 2.7, 0, 0, 0, 0, 0, 4, 5, 0, 0.6, 0.7
1, 128063, 11/12/2018 14:40:11, HDP_UNLOAD_GROUP, 0.1, 0.1, 1.9, 0, 0, 0, 0, 0, 10, 7, 0, 0, 0
1, 128064, 11/12/2018 15:00:20, HDP_UNLOAD_GROUP, 0, 0.1, 2.5, 0.1, 0, 0, 0, 0, 10, 4, 0, 0, 0
1, 128019, 11/12/2018 00:00:12, ODS_SUPPORT_GROUP, 0, 0, 1.2, 0, 0, 0, 0, 0, 9, 1, 0, 0, 0
1, 128021, 11/12/2018 00:40:13, ODS_SUPPORT_GROUP, 0, 0, 6.1, 0, 0, 0, 0, 0, 8, 5, 0, 0, 0
1, 128023, 11/12/2018 01:20:19, ODS_SUPPORT_GROUP, 0, 0, 4.1, 0, 0, 0, 0, 0, 8, 8, 0, 0, 0
1, 128026, 11/12/2018 02:20:10, ODS_SUPPORT_GROUP, 0, 0, 2.2, 0, 0, 0, 0, 0, 8, 3, 0, 0, 0
1, 128028, 11/12/2018 03:00:12, ODS_SUPPORT_GROUP, 0, 0, 1.3, 0, 0, 0, 0, 0, 10, 3, 0, 0, 0
1, 128030, 11/12/2018 03:40:06, ODS_SUPPORT_GROUP, 0, 0, 2.5, 0, 0, 0, 0, 0, 10, 1, 0, 0, 0
1, 128031, 11/12/2018 04:00:07, ODS_SUPPORT_GROUP, 0, 0, 1.4, 0, 0, 0, 0, 0, 9, 0, 0, 0, 0
1, 128032, 11/12/2018 04:20:02, ODS_SUPPORT_GROUP, 0, 0, 4.7, 0, 0, 0, 0, 0, 8, 1, 0, 0, 0
1, 128033, 11/12/2018 04:40:24, ODS_SUPPORT_GROUP, 0, 0, 1.8, 0, 0, 0, 0, 0, 8, 0, 0, 0, 0
1, 128034, 11/12/2018 05:00:14, ODS_SUPPORT_GROUP, 0, 0, 0.8, 0, 0, 0, 0, 0, 8, 1, 0, 0, 0
1, 128035, 11/12/2018 05:20:33, ODS_SUPPORT_GROUP, 0, 0, 1.3, 0, 0, 0, 0, 0, 9, 2, 0, 0, 0
1, 128036, 11/12/2018 05:40:01, ODS_SUPPORT_GROUP, 0, 0, 1.3, 0, 0, 0, 0, 0, 10, 0, 0, 0, 0
1, 128037, 11/12/2018 06:00:05, ODS_SUPPORT_GROUP, 0, 0, 1.7, 0, 0, 0, 0, 0, 9, 1, 0, 0, 0
1, 128040, 11/12/2018 07:00:27, ODS_SUPPORT_GROUP, 0, 0, 1.3, 0, 0, 0, 0, 0, 8, 3, 0, 0, 0
1, 128041, 11/12/2018 07:20:03, ODS_SUPPORT_GROUP, 0, 0, 1.3, 0, 0, 0, 0, 0, 9, 1, 0, 0, 0
1, 128042, 11/12/2018 07:40:07, ODS_SUPPORT_GROUP, 0, 0, 1.7, 0, 0, 0, 0, 0, 8, 0, 0, 0, 0
1, 128043, 11/12/2018 08:00:12, ODS_SUPPORT_GROUP, 0, 0, 3.9, 0, 0, 0, 0, 0, 10, 3, 0, 0, 0
1, 128044, 11/12/2018 08:20:02, ODS_SUPPORT_GROUP, 0, 0, 0, 0, 0, 0, 0, 0, 6, 2, 0, 0, 0
1, 128045, 11/12/2018 08:40:13, ODS_SUPPORT_GROUP, 0, 0, 3.3, 0, 0, 0, 0, 0, 7, 11, 0, 0, 0
1, 128046, 11/12/2018 09:00:23, ODS_SUPPORT_GROUP, 0, 0, 10, 0, 0, 0, 0, 0, 10, 16, 0, 0, 0
1, 128047, 11/12/2018 09:20:12, ODS_SUPPORT_GROUP, 0, 0, 11.9, 0, 0, 0, 0, 0, 10, 37, 0, 0, 0
1, 128048, 11/12/2018 09:40:28, ODS_SUPPORT_GROUP, 0, 0, 5.3, 0, 0, 0, 0, 0, 9, 13, 0, 0, 0
1, 128049, 11/12/2018 10:00:01, ODS_SUPPORT_GROUP, 0, 0, 3.6, 0, 0, 0, 0, 0, 7, 3, 0, 0, 0
1, 128050, 11/12/2018 10:20:11, ODS_SUPPORT_GROUP, 0, 0, 7, 0, 0, 0, 0, 0, 9, 6, 0, 0, 0
1, 128051, 11/12/2018 10:40:11, ODS_SUPPORT_GROUP, 0, 0, 6.9, 0, 0, 0, 0, 0, 9, 15, 0, 0, 0
1, 128056, 11/12/2018 12:20:04, ODS_SUPPORT_GROUP, 0, 0, 2.3, 0, 0, 0, 0, 0, 8, 3, 0, 0, 0
1, 128057, 11/12/2018 12:40:13, ODS_SUPPORT_GROUP, 0.1, 0.1, 4, 0, 0, 0, 0, 0, 16, 8, 0, 0, 0
1, 128058, 11/12/2018 13:00:18, ODS_SUPPORT_GROUP, 0, 0, 2, 0, 0, 0, 0, 0, 10, 1, 0, 0, 0
1, 128059, 11/12/2018 13:20:18, ODS_SUPPORT_GROUP, 0, 0, 3.4, 0, 0, 0, 0, 0, 12, 2, 0, 0, 0
1, 128061, 11/12/2018 14:00:25, ODS_SUPPORT_GROUP, 0, 0, 2.4, 0, 0, 0, 0, 0, 12, 3, 0, 0, 0
1, 128062, 11/12/2018 14:20:38, ODS_SUPPORT_GROUP, 0, 0, 1.9, 0, 0, 0, 0, 0, 22, 1, 0, 0, 0.1
1, 128063, 11/12/2018 14:40:11, ODS_SUPPORT_GROUP, 0, 0, 4.4, 0, 0, 0, 0, 0, 10, 9, 0, 0, 0
1, 128064, 11/12/2018 15:00:20, ODS_SUPPORT_GROUP, 0, 0, 1.9, 0, 0, 0, 0, 0, 8, 1, 0, 0, 0
1, 128019, 11/12/2018 00:00:12, OTHER_GROUPS, 19.3, 60.1, 11564.1, 34.6, 0, 0, 0, 0, 902, 29616, 6.2, 150, 6531.4
1, 128020, 11/12/2018 00:20:06, OTHER_GROUPS, 18.5, 54.7, 12734.5, 23, 0, 0, 3, 110, 765, 19119, 13.2, 590.2, 7945.3
1, 128021, 11/12/2018 00:40:13, OTHER_GROUPS, 20.1, 52.3, 7974.3, 27.5, 0, 0, 0, 0, 771, 15734, 4.7, 72.7, 3181
1, 128022, 11/12/2018 01:00:05, OTHER_GROUPS, 19.8, 55.1, 7498, 30.7, 0, 0, 0, 0, 1450, 17698, 4.6, 65.8, 2972.7
1, 128023, 11/12/2018 01:20:19, OTHER_GROUPS, 22, 61.2, 7327.7, 34.9, 0, 0, 0, 0, 1038, 25598, 4.3, 77.9, 3997.3
1, 128024, 11/12/2018 01:40:26, OTHER_GROUPS, 19.1, 41.3, 7023.5, 17.6, 0, 0, 0, 0, 1042, 16453, 4.6, 76.1, 3128.6
1, 128025, 11/12/2018 02:00:01, OTHER_GROUPS, 20, 39.3, 8394.8, 14.2, 0, 0, 0, 0, 1533, 21858, 5.1, 79.3, 3850
1, 128026, 11/12/2018 02:20:10, OTHER_GROUPS, 14, 30.7, 7978.5, 13.8, 0, 0, 0, 0, 1287, 13961, 2.9, 65.9, 2185
1, 128027, 11/12/2018 02:40:18, OTHER_GROUPS, 9.8, 39.1, 7899.2, 26.9, 0, 0, 0, 0, 2936, 9791, 2.4, 52.6, 2724
1, 128028, 11/12/2018 03:00:12, OTHER_GROUPS, 10.4, 30.9, 7361.6, 16.8, 0, 0, 0, 0, 735, 10913, 3.7, 73.4, 4053.9
1, 128029, 11/12/2018 03:20:37, OTHER_GROUPS, 11, 58.3, 8026, 41.3, 0, 0, 0, 0, 698, 12117, 6, 77.1, 4970.9
1, 128030, 11/12/2018 03:40:06, OTHER_GROUPS, 12.3, 39.5, 7088.5, 18.6, 0, 0, 0, 0, 710, 13921, 8.6, 84.5, 4494.6
1, 128031, 11/12/2018 04:00:07, OTHER_GROUPS, 11.1, 41, 24937.7, 26.8, 0, 0, 0, 0, 1801, 13250, 3.1, 81.7, 4625.4
1, 128032, 11/12/2018 04:20:02, OTHER_GROUPS, 17.8, 83.3, 40499.8, 62.6, 0, 0, 0, 0, 2408, 20278, 2.9, 941.4, 3893.6
1, 128033, 11/12/2018 04:40:24, OTHER_GROUPS, 19, 51, 34606.2, 27.8, 0, 0, 0, 0, 2510, 21926, 4.2, 862.2, 4982.7
1, 128034, 11/12/2018 05:00:14, OTHER_GROUPS, 15.9, 41.1, 32087.6, 20.7, 0, 0, 0, 0, 1943, 14113, 4.5, 707.6, 4534.9
1, 128035, 11/12/2018 05:20:33, OTHER_GROUPS, 15, 42.9, 8055.9, 23.2, 0, 0, 0, 0, 798, 15900, 4.7, 110.5, 6623.2
1, 128036, 11/12/2018 05:40:01, OTHER_GROUPS, 10.3, 34.2, 7801.7, 17.1, 0, 0, 1, 24, 693, 9873, 6.8, 92.4, 7095.2
1, 128037, 11/12/2018 06:00:05, OTHER_GROUPS, 23.5, 64.2, 9768.9, 32.6, 0, 0, 1, 24, 2307, 29553, 8.1, 614.9, 10074.3
1, 128038, 11/12/2018 06:20:04, OTHER_GROUPS, 15, 31.7, 10095.4, 12.8, 0, 0, 1, 64, 2830, 15837, 3.9, 126.7, 5249.7
1, 128039, 11/12/2018 06:40:06, OTHER_GROUPS, 5.8, 51.9, 13044.5, 44, 0, 0, 1, 22, 730, 3408, 2.1, 55.4, 2479.3
1, 128040, 11/12/2018 07:00:27, OTHER_GROUPS, 16.2, 36.2, 7533.7, 15.7, 0, 0, 4, 128, 998, 14305, 4.3, 2522.4, 4578.5
1, 128041, 11/12/2018 07:20:03, OTHER_GROUPS, 12.1, 40.1, 7405.5, 24.3, 0, 0, 3, 64, 707, 11305, 3.7, 143.2, 5604.3
1, 128042, 11/12/2018 07:40:07, OTHER_GROUPS, 10.8, 62, 9155.3, 48.2, 0, 0, 0, 0, 759, 10831, 3, 88.4, 4960
1, 128043, 11/12/2018 08:00:12, OTHER_GROUPS, 15.4, 46.7, 8020.2, 26.6, 0, 0, 0, 0, 619, 16167, 4.7, 111, 6340.6
1, 128044, 11/12/2018 08:20:02, OTHER_GROUPS, 21.1, 69.9, 8459.7, 44.4, 0, 0, 1, 16, 704, 30149, 4.4, 1859.9, 4988.1
1, 128045, 11/12/2018 08:40:13, OTHER_GROUPS, 14.4, 51.1, 7993.2, 32.7, 0, 0, 0, 0, 744, 16610, 4, 87, 5348
1, 128046, 11/12/2018 09:00:23, OTHER_GROUPS, 15.2, 63.6, 8437.1, 43.2, 0, 0, 0, 0, 577, 17544, 5.2, 79.6, 4755.5
1, 128047, 11/12/2018 09:20:12, OTHER_GROUPS, 14.7, 61.3, 7594.2, 41.5, 0, 0, 1, 9, 760, 20945, 5.1, 108, 5158.1
1, 128048, 11/12/2018 09:40:28, OTHER_GROUPS, 17, 67.8, 8346.9, 42.3, 0, 0, 0, 0, 753, 22611, 8.5, 100.4, 4709.4
1, 128049, 11/12/2018 10:00:01, OTHER_GROUPS, 20.1, 64.9, 8728.4, 35.4, 0, 0, 0, 0, 675, 26075, 9.4, 207.1, 5481.8
1, 128050, 11/12/2018 10:20:11, OTHER_GROUPS, 22.6, 60.3, 8707.4, 24.8, 0, 0, 1, 32, 1142, 30852, 12.9, 692.9, 7114.1
1, 128051, 11/12/2018 10:40:11, OTHER_GROUPS, 18, 77.4, 10050.5, 47.9, 0, 0, 0, 0, 1100, 23390, 11.5, 320.5, 6830.4
1, 128052, 11/12/2018 11:00:16, OTHER_GROUPS, 11.2, 57.7, 7277.3, 36.6, 0, 0, 0, 0, 602, 13445, 9.9, 90.5, 5332.1
1, 128053, 11/12/2018 11:20:34, OTHER_GROUPS, 11.9, 52.9, 7765.3, 31.1, 0, 0, 0, 0, 645, 13483, 9.9, 99, 6295.6
1, 128054, 11/12/2018 11:40:28, OTHER_GROUPS, 13.3, 47.5, 7890.5, 21.9, 0, 0, 0, 0, 3388, 13397, 12.3, 108.3, 7438
1, 128055, 11/12/2018 12:00:18, OTHER_GROUPS, 14.9, 46.9, 8487.2, 18.6, 0, 0, 0, 0, 645, 15060, 13.4, 114.4, 8199
1, 128056, 11/12/2018 12:20:04, OTHER_GROUPS, 12.2, 50.2, 7910.3, 23.6, 0, 0, 0, 0, 692, 11762, 14.4, 105, 6473.6
1, 128057, 11/12/2018 12:40:13, OTHER_GROUPS, 13.8, 41.5, 7935, 12.4, 0, 0, 0, 0, 584, 13399, 15.3, 113, 7260.9
1, 128058, 11/12/2018 13:00:18, OTHER_GROUPS, 19.4, 57.3, 9276.1, 29.6, 0, 0, 1, 32, 641, 23045, 8.3, 157.8, 6003.1
1, 128059, 11/12/2018 13:20:18, OTHER_GROUPS, 14.3, 44.3, 7776.3, 26.9, 0, 0, 0, 0, 569, 18989, 3.1, 83.3, 4236.4
1, 128060, 11/12/2018 13:40:09, OTHER_GROUPS, 15.2, 50, 7551.1, 30.8, 0, 0, 0, 0, 595, 19252, 4, 95.5, 4435.2
1, 128061, 11/12/2018 14:00:25, OTHER_GROUPS, 14.2, 43.9, 8185.6, 24, 0, 0, 0, 0, 529, 19007, 5.7, 88.1, 4201.2
1, 128062, 11/12/2018 14:20:38, OTHER_GROUPS, 14.9, 43.1, 8218.6, 23, 0, 0, 0, 0, 606, 18560, 5.2, 92, 4191.2
1, 128063, 11/12/2018 14:40:11, OTHER_GROUPS, 17.5, 33.7, 7792, 12.1, 0, 0, 0, 0, 583, 21922, 4.1, 93.1, 4459.4
1, 128064, 11/12/2018 15:00:20, OTHER_GROUPS, 21.8, 74.7, 9387.9, 48.1, 0, 0, 0, 0, 658, 33787, 4.8, 98.5, 4650.7
2, 128019, 11/12/2018 00:00:12, ADW_UNLOAD_GROUP, 5.5, 7.5, 2805.5, 1.6, 31, 2.1, 34, 480, 25314, 1156, 0.4, 761.6, 136.1
2, 128020, 11/12/2018 00:20:06, ADW_UNLOAD_GROUP, 4.9, 8, 3648.6, 1.9, 14, 0.9, 16, 308, 23163, 1027, 1.2, 33.3, 140.3
2, 128021, 11/12/2018 00:40:09, ADW_UNLOAD_GROUP, 4.9, 5.4, 3162.9, 0.3, 0, 0.8, 0, 0, 20117, 1848, 0.2, 20.4, 61.4
2, 128022, 11/12/2018 01:00:07, ADW_UNLOAD_GROUP, 4.8, 6.2, 3231.3, 1.2, 1, 0.7, 1, 32, 26023, 1836, 0.2, 19.5, 80.4
2, 128023, 11/12/2018 01:20:19, ADW_UNLOAD_GROUP, 5.3, 7.3, 3166.5, 1.7, 20, 2.8, 7, 144, 24501, 1599, 0.3, 396.4, 304.1
2, 128024, 11/12/2018 01:40:25, ADW_UNLOAD_GROUP, 9.2, 12, 4041, 2.6, 6, 5, 6, 192, 24326, 3548, 0.2, 9525.5, 107.5
2, 128025, 11/12/2018 02:00:01, ADW_UNLOAD_GROUP, 15.5, 23.1, 7445, 7.3, 38, 4.9, 39, 1050, 24841, 6112, 0.3, 8279.1, 175.4
2, 128026, 11/12/2018 02:20:10, ADW_UNLOAD_GROUP, 16.4, 18.1, 6619.7, 1.4, 67, 3.8, 69, 1812, 26236, 6793, 0.3, 11210.3, 209.1
2, 128027, 11/12/2018 02:40:18, ADW_UNLOAD_GROUP, 12.1, 15.2, 7064.8, 2.3, 91, 2.1, 101, 2142, 31028, 4796, 0.8, 6929.4, 1108
2, 128028, 11/12/2018 03:00:12, ADW_UNLOAD_GROUP, 4.9, 5.9, 3578.3, 0.8, 12, 1.3, 12, 244, 26285, 797, 0.2, 504, 97.9
2, 128029, 11/12/2018 03:20:37, ADW_UNLOAD_GROUP, 4.8, 7.3, 4033.9, 2.1, 3, 0.8, 3, 48, 22476, 842, 0.4, 291, 105.1
2, 128030, 11/12/2018 03:40:01, ADW_UNLOAD_GROUP, 4.7, 6.5, 3745.4, 1.2, 6, 0.9, 5, 96, 25387, 747, 0.6, 540.3, 139.4
2, 128031, 11/12/2018 04:00:07, ADW_UNLOAD_GROUP, 5.1, 6.6, 3975.7, 1.3, 0, 1.1, 0, 0, 24262, 822, 0.2, 35.2, 98.8
2, 128032, 11/12/2018 04:20:02, ADW_UNLOAD_GROUP, 5.6, 7.8, 4104.6, 1.9, 9, 1, 10, 100, 25389, 877, 0.3, 45.6, 195.9
2, 128033, 11/12/2018 04:40:42, ADW_UNLOAD_GROUP, 6.2, 8.3, 4120.9, 1.8, 12, 0.8, 25, 236, 21166, 1119, 0.3, 149.1, 126.7
2, 128034, 11/12/2018 05:00:15, ADW_UNLOAD_GROUP, 5.2, 6.4, 4314.6, 1, 23, 0.3, 58, 456, 23537, 871, 0.2, 42.9, 114.9
2, 128035, 11/12/2018 05:20:33, ADW_UNLOAD_GROUP, 5.3, 6.4, 4352.4, 0.9, 26, 0.2, 58, 472, 24944, 960, 0.2, 136.9, 140.6
2, 128036, 11/12/2018 05:40:01, ADW_UNLOAD_GROUP, 5.8, 7.3, 3239.7, 1.2, 56, 0.1, 137, 1108, 24420, 1603, 0.3, 527.9, 352
2, 128037, 11/12/2018 06:00:05, ADW_UNLOAD_GROUP, 12.9, 16.8, 23171.9, 1.4, 13, 2.7, 7, 72, 24158, 5863, 2.5, 1614.1, 3783
2, 128038, 11/12/2018 06:20:05, ADW_UNLOAD_GROUP, 24.2, 25.5, 42827.5, 0.9, 4, 2.6, 4, 72, 27760, 11275, 0.4, 854.7, 1217.3
2, 128039, 11/12/2018 06:40:06, ADW_UNLOAD_GROUP, 35.1, 57.1, 85682.3, 20.5, 0, 1.9, 0, 0, 24417, 23233, 1.5, 1316.9, 4703.6
2, 128040, 11/12/2018 07:00:27, ADW_UNLOAD_GROUP, 30.4, 33.1, 32866.9, 0, 2, 2.2, 1, 24, 22739, 18618, 2.7, 637.7, 6879.9
2, 128041, 11/12/2018 07:20:02, ADW_UNLOAD_GROUP, 21.6, 32.1, 34789.4, 8.4, 0, 1.9, 2, 64, 22820, 11317, 2.1, 395.6, 5461.4
2, 128042, 11/12/2018 07:40:07, ADW_UNLOAD_GROUP, 14.5, 20.9, 8764.8, 4.9, 4, 1.5, 7, 158, 21410, 6261, 1.5, 914.1, 3975
2, 128043, 11/12/2018 08:00:12, ADW_UNLOAD_GROUP, 19.5, 26.9, 10092.6, 5.1, 4, 0.8, 3, 48, 22903, 12630, 2.3, 947.2, 2033.8
2, 128044, 11/12/2018 08:20:02, ADW_UNLOAD_GROUP, 8.5, 14.7, 6867.2, 3.4, 1, 1.5, 1, 30, 23371, 4936, 2.8, 442.8, 9296.4
2, 128045, 11/12/2018 08:40:14, ADW_UNLOAD_GROUP, 6.6, 12.8, 4851.9, 4.4, 0, -0.7, 58, 488, 23693, 3724, 1.8, 304.6, 8668
2, 128046, 11/12/2018 09:00:15, ADW_UNLOAD_GROUP, 37.2, 47.4, 69042.3, 7.6, 0, 0, 50, 408, 17820, 27631, 2.6, 2002.6, 5330.4
2, 128047, 11/12/2018 09:20:08, ADW_UNLOAD_GROUP, 36.4, 40, 65561.2, 1.4, 0, 0, 30, 280, 22029, 20223, 2.2, 705, 4730
2, 128048, 11/12/2018 09:40:27, ADW_UNLOAD_GROUP, 34.9, 38.8, 62009.4, 2.6, 0, 0, 36, 264, 18790, 16018, 1.3, 553.1, 2967.1
2, 128049, 11/12/2018 10:00:00, ADW_UNLOAD_GROUP, 26.2, 26.5, 38878.4, 0, 0, 0, 5, 44, 20229, 12190, 0.3, 697.6, 191.2
2, 128050, 11/12/2018 10:20:11, ADW_UNLOAD_GROUP, 28.3, 45.3, 22356.8, 16.3, 0, 0, 5, 86, 21273, 21801, 0.7, 449.7, 1279.9
2, 128051, 11/12/2018 10:40:11, ADW_UNLOAD_GROUP, 15.4, 22, 14332.3, 4.6, 0, 0, 11, 154, 22510, 7583, 2, 710.1, 5623.8
2, 128052, 11/12/2018 11:00:16, ADW_UNLOAD_GROUP, 8.5, 12.9, 8390.1, 2.6, 0, 0, 282, 2224, 22555, 3142, 1.8, 226.1, 3121.3
2, 128053, 11/12/2018 11:20:30, ADW_UNLOAD_GROUP, 8.4, 16.5, 8605.3, 6.8, 0, 0, 4, 46, 19815, 5166, 1.3, 314.3, 4102.6
2, 128054, 11/12/2018 11:40:28, ADW_UNLOAD_GROUP, 8.6, 15.6, 10605.7, 3.8, 0, 0, 1, 32, 824, 5764, 3.2, 451.6, 9073.6
2, 128055, 11/12/2018 12:00:18, ADW_UNLOAD_GROUP, 6.9, 10.8, 5879.3, 0.2, 0, 0, 0, 0, 738, 3832, 3.7, 337.2, 8534.6
2, 128056, 11/12/2018 12:20:04, ADW_UNLOAD_GROUP, 7.1, 10.6, 8372.2, 1, 0, 0, 0, 0, 751, 3934, 2.5, 402.8, 6768.8
2, 128057, 11/12/2018 12:40:13, ADW_UNLOAD_GROUP, 8.6, 12.3, 9745.2, 0, 0, 0, 1, 32, 489, 5397, 3.7, 462.5, 10716.1
2, 128058, 11/12/2018 13:00:18, ADW_UNLOAD_GROUP, 4.6, 5.5, 1984.2, 0.6, 0, 0, 0, 0, 603, 1479, 0.3, 1028.4, 433.2
2, 128059, 11/12/2018 13:20:18, ADW_UNLOAD_GROUP, 7.3, 7.6, 3494.8, 0.2, 0, 0, 1, 32, 414, 2557, 0.1, 2638.9, 87.5
2, 128060, 11/12/2018 13:40:09, ADW_UNLOAD_GROUP, 9.4, 10.1, 1308.7, 0.7, 0, 0, 0, 0, 615, 3521, 0, 2543.5, 64.9
2, 128061, 11/12/2018 14:00:25, ADW_UNLOAD_GROUP, 7.2, 8.3, 1772.2, 0.9, 0, 0, 3, 80, 535, 2449, 0.2, 1981.8, 278.8
2, 128062, 11/12/2018 14:20:39, ADW_UNLOAD_GROUP, 0.4, 0.4, 0, 0, 0, 0, 0, 0, 302, 74, 0, 155, 0.1
2, 128063, 11/12/2018 14:40:11, ADW_UNLOAD_GROUP, 0.4, 0.4, 0.1, 0, 0, 0, 0, 0, 330, 94, 0, 156.6, 0.2
2, 128064, 11/12/2018 15:00:19, ADW_UNLOAD_GROUP, 0.4, 0.4, 0.4, 0, 0, 0, 0, 0, 874, 74, 0, 190.7, 0.2
2, 128019, 11/12/2018 00:00:12, FP_DM_PRIOR, 1.8, 2.2, 669.3, 0.3, 0, 0, 17, 78, 258, 416, 0.1, 63.7, 148.8
2, 128020, 11/12/2018 00:20:06, FP_DM_PRIOR, 0, 0.2, 7.8, 0.2, 0, 0, 1, 4, 0, 0, 0, 1.8, 3.2
2, 128021, 11/12/2018 00:40:09, FP_DM_PRIOR, 3.9, 7.6, 1170.1, 3.2, 0, 0, 84, 1984, 2044, 2577, 0.5, 983.4, 571.5
2, 128022, 11/12/2018 01:00:07, FP_DM_PRIOR, 3.2, 4.7, 648.8, 0.8, 0, 0, 40, 984, 1078, 1490, 0.7, 851.8, 777
2, 128023, 11/12/2018 01:20:19, FP_DM_PRIOR, 0.6, 1.1, 59.4, 0.4, 0, 0, 10, 129, 146, 60, 0.1, 20.5, 183.6
2, 128024, 11/12/2018 01:40:25, FP_DM_PRIOR, 0.5, 1, 109.7, 0.4, 0, 0, 0, 0, 4, 44, 0.1, 7.4, 287.3
2, 128025, 11/12/2018 02:00:01, FP_DM_PRIOR, 0.7, 1.2, 371.8, 0.3, 0, 0, 2, 32, 16, 77, 0.2, 41.9, 487.2
2, 128026, 11/12/2018 02:20:10, FP_DM_PRIOR, 3.6, 5.4, 618.6, 0.9, 0, 0, 102, 2596, 2862, 1484, 0.9, 1380.7, 1482
2, 128027, 11/12/2018 02:40:18, FP_DM_PRIOR, 1.4, 1.9, 322.2, 0.2, 0, 0, 16, 267, 336, 417, 0.3, 200.4, 708.4
2, 128028, 11/12/2018 03:00:12, FP_DM_PRIOR, 0.6, 1.1, 252.3, 0.2, 0, 0, 4, 53, 57, 28, 0.3, 65.9, 467
2, 128029, 11/12/2018 03:20:37, FP_DM_PRIOR, 4.1, 11, 2033.1, 5.5, 0, 0, 14, 248, 441, 2213, 1.4, 976, 740.4
2, 128030, 11/12/2018 03:40:01, FP_DM_PRIOR, 5.1, 11.2, 2707, 2.2, 0, 0, 3, 57, 6, 1506, 3.9, 601.4, 4172.2
2, 128031, 11/12/2018 04:00:07, FP_DM_PRIOR, 3.7, 4.7, 1465.4, 0.8, 0, 0, 3, 34, 58, 774, 0.2, 217.3, 335.5
2, 128032, 11/12/2018 04:20:02, FP_DM_PRIOR, 0.2, 1.3, 105.5, 1.1, 0, 0, 3, 20, 11, 1, 0, 3.4, 3.7
2, 128033, 11/12/2018 04:40:42, FP_DM_PRIOR, 0.1, 0.4, 41.1, 0.3, 0, 0, 1, 9, 16, 5, 0, 2.8, 6.7
2, 128034, 11/12/2018 05:00:15, FP_DM_PRIOR, 5.5, 7.8, 1879.1, 1.6, 0, 0, 90, 2270, 2557, 2891, 0.7, 1607.8, 754.9
2, 128035, 11/12/2018 05:20:33, FP_DM_PRIOR, 2.9, 6.8, 1724.6, 3.5, 0, 0, 14, 234, 250, 903, 0.4, 463.4, 2465.6
2, 128036, 11/12/2018 05:40:01, FP_DM_PRIOR, 0.5, 0.9, 110.9, 0.3, 0, 0, 0, 0, 18, 116, 0.1, 47.1, 667.2
2, 128037, 11/12/2018 06:00:05, FP_DM_PRIOR, 3.6, 5.7, 800.3, 1.3, 0, 0, 103, 2604, 2852, 1851, 0.8, 1395.1, 1582.3
2, 128038, 11/12/2018 06:20:05, FP_DM_PRIOR, 0.9, 1.4, 173.7, 0.2, 0, 0, 16, 296, 356, 266, 0.3, 198.4, 792.7
2, 128039, 11/12/2018 06:40:06, FP_DM_PRIOR, 0.2, 0.9, 451, 0.5, 0, 0, 1, 16, 18, 38, 0.2, 32, 478.3
2, 128040, 11/12/2018 07:00:27, FP_DM_PRIOR, 5.3, 8.8, 981.8, 2.4, 3, 0, 92, 2268, 2460, 3242, 1.1, 1326.4, 1434.9
2, 128041, 11/12/2018 07:20:02, FP_DM_PRIOR, 7.5, 9.1, 2026, 0.4, 0, 0, 19, 392, 542, 3161, 1.2, 593.1, 3544.7
2, 128042, 11/12/2018 07:40:07, FP_DM_PRIOR, 1.7, 1.8, 758.3, 0.1, 0, 0, 0, 0, 59, 418, 0, 63.8, 10.1
2, 128043, 11/12/2018 08:00:12, FP_DM_PRIOR, 0.1, 0.3, 9.4, 0.2, 0, 0, 0, 0, 124, 25, 0, 4.9, 34.1
2, 128044, 11/12/2018 08:20:02, FP_DM_PRIOR, 3.5, 6.1, 1474.6, 2.2, 0, 0, 52, 1180, 1417, 1422, 0.4, 1491.7, 387.9
2, 128045, 11/12/2018 08:40:14, FP_DM_PRIOR, 1.1, 2.3, 255.6, 1, 0, 0, 15, 264, 353, 311, 0.2, 163.7, 273.1
2, 128046, 11/12/2018 09:00:15, FP_DM_PRIOR, 4.2, 7.7, 870.3, 3.2, 0, 0, 32, 848, 901, 1458, 0.3, 678.2, 166.8
2, 128047, 11/12/2018 09:20:08, FP_DM_PRIOR, 2.3, 3.1, 426, 0.6, 0, 0, 8, 240, 192, 947, 0.2, 23.4, 264.2
2, 128048, 11/12/2018 09:40:27, FP_DM_PRIOR, 0.1, 0.6, 8.7, 0.4, 0, 0, 0, 0, 0, 14, 0.1, 0.8, 103.5
2, 128049, 11/12/2018 10:00:00, FP_DM_PRIOR, 0.1, 0.5, 8.2, 0.3, 0, 0, 0, 0, 0, 22, 0.1, 1.9, 160.4
2, 128050, 11/12/2018 10:20:11, FP_DM_PRIOR, 0.2, 0.4, 4.7, 0.1, 0, 0, 0, 0, 0, 48, 0.1, 7.1, 222.5
2, 128051, 11/12/2018 10:40:11, FP_DM_PRIOR, 0.1, 0.4, 3.4, 0.2, 0, 0, 0, 0, 0, 14, 0.1, 1.8, 234.1
2, 128052, 11/12/2018 11:00:16, FP_DM_PRIOR, 0.1, 1, 213.3, 0.8, 0, 0, 1, 16, 0, 20, 0.1, 29.3, 204.7
2, 128053, 11/12/2018 11:20:30, FP_DM_PRIOR, 0.6, 1.2, 890.6, 0.4, 0, 0, 13, 176, 334, 117, 0.2, 13.3, 166.5
2, 128054, 11/12/2018 11:40:28, FP_DM_PRIOR, 4.9, 7.9, 1024.5, 2.1, 0, 0, 110, 2688, 2896, 2637, 0.9, 2162.6, 1462.3
2, 128055, 11/12/2018 12:00:18, FP_DM_PRIOR, 0.5, 0.7, 75.5, 0.1, 0, 0, 1, 16, 180, 128, 0.1, 44.5, 190.7
2, 128056, 11/12/2018 12:20:04, FP_DM_PRIOR, 0.2, 0.3, 24.8, 0, 0, 0, 1, 32, 62, 32, 0.1, 2.1, 154.4
2, 128057, 11/12/2018 12:40:13, FP_DM_PRIOR, 0.1, 0.4, 2.8, 0.2, 0, 0, 0, 0, 20, 27, 0.1, 2.6, 330.2
2, 128058, 11/12/2018 13:00:18, FP_DM_PRIOR, 0.1, 0.4, 3.4, 0.2, 0, 0, 0, 0, 21, 28, 0.1, 2.1, 269.3
2, 128059, 11/12/2018 13:20:18, FP_DM_PRIOR, 0.1, 0.4, 2.9, 0.2, 0, 0, 0, 0, 19, 19, 0.1, 1.4, 173.9
2, 128060, 11/12/2018 13:40:09, FP_DM_PRIOR, 0.5, 1.7, 297.9, 1, 0, 0, 4, 80, 127, 222, 0.2, 101, 346.8
2, 128061, 11/12/2018 14:00:25, FP_DM_PRIOR, 0.4, 1.2, 1138.8, 0.6, 0, 0, 3, 48, 62, 71, 0.2, 9.4, 250.7
2, 128062, 11/12/2018 14:20:39, FP_DM_PRIOR, 5.9, 9.9, 1749.6, 3.1, 0, 0, 33, 832, 1149, 3138, 0.9, 964.3, 1385.5
2, 128063, 11/12/2018 14:40:11, FP_DM_PRIOR, 3.7, 5.8, 1265.9, 1.5, 0, 0, 16, 440, 477, 1401, 0.6, 551.2, 1682.9
2, 128064, 11/12/2018 15:00:19, FP_DM_PRIOR, 0.2, 0.7, 23.2, 0.4, 0, 0, 0, 0, 29, 32, 0.1, 3.8, 283
2, 128019, 11/12/2018 00:00:12, HDP_UNLOAD_GROUP, 4.3, 5.7, 7362.8, 1.4, 0, 0, 2, 32, 40, 1460, 0, 226.1, 19.1
2, 128020, 11/12/2018 00:20:06, HDP_UNLOAD_GROUP, 5.7, 24.8, 9306.4, 17.7, 0, 0, 12, 152, 499, 9567, 1.4, 5636.2, 472.7
2, 128021, 11/12/2018 00:40:09, HDP_UNLOAD_GROUP, 11.6, 44.2, 9634.5, 27.9, 0, 0, 51, 492, 786, 14593, 4.7, 1286, 1734.6
2, 128022, 11/12/2018 01:00:07, HDP_UNLOAD_GROUP, 9.4, 31, 9099.2, 16.3, 0, 0, 64, 600, 921, 9126, 5.3, 1084.6, 1903.4
2, 128023, 11/12/2018 01:20:19, HDP_UNLOAD_GROUP, 11, 26.2, 8636.3, 8, 0, 0, 112, 1000, 1900, 9772, 7.2, 1037.5, 1519.6
2, 128024, 11/12/2018 01:40:25, HDP_UNLOAD_GROUP, 11.3, 28.2, 8918.5, 7.8, 0, 0, 57, 512, 994, 10394, 9.1, 893.3, 1617.6
2, 128025, 11/12/2018 02:00:01, HDP_UNLOAD_GROUP, 11.9, 26.7, 12528.1, 4.1, 0, 0, 28, 232, 435, 14108, 10.7, 748.8, 1982.1
2, 128026, 11/12/2018 02:20:10, HDP_UNLOAD_GROUP, 8, 12.9, 7426.2, 0, 0, 0, 74, 616, 1070, 4814, 4.9, 433.8, 1317
2, 128027, 11/12/2018 02:40:18, HDP_UNLOAD_GROUP, 5.3, 6.4, 7743.8, 0.9, 0, 0, 26, 204, 368, 2121, 0.2, 320.3, 438.4
2, 128028, 11/12/2018 03:00:12, HDP_UNLOAD_GROUP, 4.1, 4.9, 7165.1, 0.8, 0, 0, 22, 200, 374, 1206, 0, 175.1, 2.3
2, 128029, 11/12/2018 03:20:37, HDP_UNLOAD_GROUP, 3.7, 4.3, 4949, 0.6, 0, 0, 1, 16, 18, 950, 0, 155.8, 37.2
2, 128030, 11/12/2018 03:40:01, HDP_UNLOAD_GROUP, 0.8, 0.8, 95.8, 0, 0, 0, 7, 56, 78, 123, 0, 55.5, 2
2, 128043, 11/12/2018 08:00:12, HDP_UNLOAD_GROUP, 3.1, 3.5, 563.3, 0.2, 0, 0, 2, 26, 41, 918, 0.2, 55.2, 48.2
2, 128044, 11/12/2018 08:20:02, HDP_UNLOAD_GROUP, 0.1, 0.1, 24.5, 0, 0, 0, 1, 8, 0, 48, 0, 3.1, 0.1
2, 128056, 11/12/2018 12:20:04, HDP_UNLOAD_GROUP, 0.1, 0.2, 13.7, 0.1, 0, 0, 0, 0, 4, 19, 0, 1, 1.3
2, 128057, 11/12/2018 12:40:13, HDP_UNLOAD_GROUP, 0.4, 0.4, 46, 0, 0, 0, 0, 0, 0, 61, 0, 2, 1.7
2, 128058, 11/12/2018 13:00:18, HDP_UNLOAD_GROUP, 0.2, 0.2, 30.4, 0, 0, 0, 0, 0, 0, 17, 0, 1.2, 0.2
2, 128019, 11/12/2018 00:00:12, ODS_SUPPORT_GROUP, 0, 0, 0.7, 0, 0, 0, 0, 0, 7, 1, 0, 0, 0
2, 128020, 11/12/2018 00:20:06, ODS_SUPPORT_GROUP, 0, 0, 4.6, 0, 0, 0, 0, 0, 9, 4, 0, 0, 0
2, 128021, 11/12/2018 00:40:09, ODS_SUPPORT_GROUP, 0, 0, 9.7, 0, 0, 0, 0, 0, 8, 6, 0, 0, 0
2, 128022, 11/12/2018 01:00:07, ODS_SUPPORT_GROUP, 0.1, 0.1, 11.8, 0, 0, 0, 0, 0, 10, 22, 0, 0, 0
2, 128023, 11/12/2018 01:20:19, ODS_SUPPORT_GROUP, 0, 0, 2.3, 0, 0, 0, 0, 0, 8, 1, 0, 0, 0
2, 128024, 11/12/2018 01:40:25, ODS_SUPPORT_GROUP, 0, 0, 4.2, 0, 0, 0, 0, 0, 10, 4, 0, 0, 0
2, 128025, 11/12/2018 02:00:01, ODS_SUPPORT_GROUP, 0, 0, 7.6, 0, 0, 0, 0, 0, 10, 1, 0, 0, 0
2, 128026, 11/12/2018 02:20:10, ODS_SUPPORT_GROUP, 0, 0, 2.6, 0, 0, 0, 0, 0, 8, 8, 0, 0, 0
2, 128027, 11/12/2018 02:40:18, ODS_SUPPORT_GROUP, 0, 0, 2.6, 0, 0, 0, 0, 0, 10, 6, 0, 0, 0
2, 128028, 11/12/2018 03:00:12, ODS_SUPPORT_GROUP, 0, 0, 3.1, 0, 0, 0, 0, 0, 15, 2, 0, 0, 0
2, 128029, 11/12/2018 03:20:37, ODS_SUPPORT_GROUP, 0, 0, 5.7, 0, 0, 0, 0, 0, 10, 2, 0, 0, 0
2, 128032, 11/12/2018 04:20:02, ODS_SUPPORT_GROUP, 0, 0, 1.1, 0, 0, 0, 0, 0, 8, 1, 0, 0, 0
2, 128034, 11/12/2018 05:00:15, ODS_SUPPORT_GROUP, 0, 0, 2.3, 0, 0, 0, 0, 0, 8, 2, 0, 0, 0
2, 128036, 11/12/2018 05:40:01, ODS_SUPPORT_GROUP, 0, 0, 1.2, 0, 0, 0, 0, 0, 6, 0, 0, 0, 0
2, 128038, 11/12/2018 06:20:05, ODS_SUPPORT_GROUP, 0, 0, 2.5, 0, 0, 0, 0, 0, 9, 4, 0, 0, 0
2, 128039, 11/12/2018 06:40:06, ODS_SUPPORT_GROUP, 0, 0, 5.7, 0, 0, 0, 0, 0, 10, 10, 0, 0, 0
2, 128040, 11/12/2018 07:00:27, ODS_SUPPORT_GROUP, 0, 0, 2.8, 0, 0, 0, 0, 0, 8, 4, 0, 0, 0
2, 128041, 11/12/2018 07:20:02, ODS_SUPPORT_GROUP, 0, 0, 1.6, 0, 0, 0, 0, 0, 7, 1, 0, 0, 0
2, 128042, 11/12/2018 07:40:07, ODS_SUPPORT_GROUP, 0.3, 0.4, 42, 0.1, 0, 0, 3, 56, 101, 73, 0, 91.1, 6.6
2, 128043, 11/12/2018 08:00:12, ODS_SUPPORT_GROUP, 1.6, 2, 229.1, 0.4, 0, 0, 1, 6, 60, 471, 0, 256.5, 37
2, 128044, 11/12/2018 08:20:02, ODS_SUPPORT_GROUP, 3.4, 4.7, 391.9, 1.1, 0, 0, 0, 0, 10, 657, 0.2, 609.6, 203
2, 128045, 11/12/2018 08:40:14, ODS_SUPPORT_GROUP, 0, 0, 17.3, 0, 0, 0, 1, 24, 9, 11, 0, 0.5, 19.2
2, 128047, 11/12/2018 09:20:08, ODS_SUPPORT_GROUP, 0, 0, 0, 0, 0, 0, 0, 0, 6, 0, 0, 0, 0
2, 128048, 11/12/2018 09:40:27, ODS_SUPPORT_GROUP, 0, 0, 6.5, 0, 0, 0, 0, 0, 17, 10, 0, 0, 0.1
2, 128049, 11/12/2018 10:00:00, ODS_SUPPORT_GROUP, 0, 0, 10.7, 0, 0, 0, 0, 0, 9, 10, 0, 0, 0
2, 128052, 11/12/2018 11:00:16, ODS_SUPPORT_GROUP, 0, 0, 7.9, 0, 0, 0, 0, 0, 9, 11, 0, 0, 0
2, 128053, 11/12/2018 11:20:30, ODS_SUPPORT_GROUP, 0, 0, 3.4, 0, 0, 0, 0, 0, 10, 6, 0, 0, 0
2, 128054, 11/12/2018 11:40:28, ODS_SUPPORT_GROUP, 0, 0, 3.9, 0, 0, 0, 0, 0, 10, 5, 0, 0, 0
2, 128055, 11/12/2018 12:00:18, ODS_SUPPORT_GROUP, 0, 0, 4.8, 0, 0, 0, 0, 0, 14, 5, 0, 0, 0
2, 128056, 11/12/2018 12:20:04, ODS_SUPPORT_GROUP, 0, 0, 2.8, 0, 0, 0, 0, 0, 8, 4, 0, 0, 0
2, 128057, 11/12/2018 12:40:13, ODS_SUPPORT_GROUP, 0, 0, 0.1, 0, 0, 0, 0, 0, 14, 0, 0, 0, 0
2, 128058, 11/12/2018 13:00:18, ODS_SUPPORT_GROUP, 0, 0, 4.9, 0, 0, 0, 0, 0, 9, 5, 0, 0, 0
2, 128060, 11/12/2018 13:40:09, ODS_SUPPORT_GROUP, 0, 0, 5.4, 0, 0, 0, 0, 0, 9, 12, 0, 1.2, 0
2, 128061, 11/12/2018 14:00:25, ODS_SUPPORT_GROUP, 0.1, 0.2, 107.5, 0, 0, 0, 0, 0, 18, 13, 0.1, 56.1, 77.8
2, 128062, 11/12/2018 14:20:39, ODS_SUPPORT_GROUP, 0.2, 0.3, 60.6, 0, 0, 0, 0, 0, 15, 1, 0.1, 7098, 35.9
2, 128063, 11/12/2018 14:40:11, ODS_SUPPORT_GROUP, 0.2, 0.7, 4.4, 0.2, 0, 0, 0, 0, 8, 0, 0.3, 4266.4, 290.8
2, 128064, 11/12/2018 15:00:19, ODS_SUPPORT_GROUP, 0.4, 1.3, 142.4, 0.6, 0, 0, 2, 16, 37, 31, 0.3, 6173.8, 459.8
2, 128019, 11/12/2018 00:00:12, OTHER_GROUPS, 10.8, 36.6, 7484, 20.5, 0, 0, 1, 22, 678, 10579, 5.3, 142.4, 2726.6
2, 128020, 11/12/2018 00:20:06, OTHER_GROUPS, 10.6, 46.6, 9456.1, 23, 0, 0, 0, 0, 886, 7674, 13, 65.9, 2175.7
2, 128021, 11/12/2018 00:40:09, OTHER_GROUPS, 19.7, 64.8, 8610.9, 34.9, 0, 0, 0, 0, 850, 16278, 10.2, 96.8, 5935.6
2, 128022, 11/12/2018 01:00:07, OTHER_GROUPS, 22.3, 67.8, 8628, 37.2, 0, 0, 0, 0, 1292, 24322, 8.3, 89.8, 4959.4
2, 128023, 11/12/2018 01:20:19, OTHER_GROUPS, 15.9, 44.8, 7988, 25.9, 0, 0, 0, 0, 983, 16081, 3, 73.8, 1797.3
2, 128024, 11/12/2018 01:40:25, OTHER_GROUPS, 10.9, 26.2, 7830, 13.2, 0, 0, 0, 0, 1156, 10262, 2.1, 48.2, 1350.5
2, 128025, 11/12/2018 02:00:01, OTHER_GROUPS, 9.9, 21.1, 8034.1, 8.4, 0, 0, 1, 16, 1372, 8153, 2.8, 1625.7, 1736.7
2, 128026, 11/12/2018 02:20:10, OTHER_GROUPS, 9.8, 21.1, 7856.6, 9.6, 0, 0, 1, 16, 1060, 8311, 1.7, 36.1, 1510.9
2, 128027, 11/12/2018 02:40:18, OTHER_GROUPS, 14.2, 35.8, 7798.1, 19.3, 0, 0, 0, 0, 2705, 15009, 2.3, 51.8, 1913.7
2, 128028, 11/12/2018 03:00:12, OTHER_GROUPS, 13.5, 28.8, 8625, 12.5, 0, 0, 0, 0, 679, 15938, 2.8, 55.1, 2022.8
2, 128029, 11/12/2018 03:20:37, OTHER_GROUPS, 9.6, 45.3, 9558.5, 32.1, 0, 0, 0, 0, 660, 9158, 3.6, 47.5, 1685.9
2, 128030, 11/12/2018 03:40:01, OTHER_GROUPS, 10.8, 25.5, 7159.6, 9.5, 0, 0, 0, 0, 838, 11245, 5.2, 42, 2262.7
2, 128031, 11/12/2018 04:00:07, OTHER_GROUPS, 8.5, 29.3, 18013.9, 18.6, 0, 0, 0, 0, 2060, 8489, 2.2, 55.7, 2547.7
2, 128032, 11/12/2018 04:20:02, OTHER_GROUPS, 11.8, 61.1, 56944.1, 47.1, 0, 0, 0, 0, 2471, 9150, 2.2, 1056.7, 1725.3
2, 128033, 11/12/2018 04:40:42, OTHER_GROUPS, 11.6, 28.3, 40401.6, 14, 0, 0, 0, 0, 2447, 7729, 2.7, 904.2, 2124.7
2, 128034, 11/12/2018 05:00:15, OTHER_GROUPS, 12.6, 28, 37849.2, 12.3, 0, 0, 0, 0, 2017, 8348, 3.1, 713.3, 2431.7
2, 128035, 11/12/2018 05:20:33, OTHER_GROUPS, 4.7, 17.4, 9707.7, 11.2, 0, 0, 0, 0, 663, 2704, 1.5, 47.5, 2183.8
2, 128036, 11/12/2018 05:40:01, OTHER_GROUPS, 4.4, 14.2, 8429.9, 7.2, 0, 0, 0, 0, 648, 2071, 2.6, 37.8, 2874.9
2, 128037, 11/12/2018 06:00:05, OTHER_GROUPS, 7.8, 28.7, 10999, 16.8, 0, 0, 0, 0, 2176, 7230, 4.1, 55.1, 3162.4
2, 128038, 11/12/2018 06:20:05, OTHER_GROUPS, 6.4, 17.5, 7665.6, 8.2, 0, 0, 0, 0, 3066, 4246, 2.9, 49.3, 3208.8
2, 128039, 11/12/2018 06:40:06, OTHER_GROUPS, 8, 54.8, 13285.8, 43.6, 0, 0, 0, 0, 662, 6365, 3.2, 49.3, 3219.8
2, 128040, 11/12/2018 07:00:27, OTHER_GROUPS, 12.6, 33.3, 5791.2, 16.3, 0, 0, 0, 0, 677, 18101, 4.4, 55.1, 3252.1
2, 128041, 11/12/2018 07:20:02, OTHER_GROUPS, 12.2, 37.1, 8641.7, 21.4, 0, 0, 0, 0, 890, 14719, 3.5, 60.2, 3524.6
2, 128042, 11/12/2018 07:40:07, OTHER_GROUPS, 9.2, 53.9, 9094.4, 42.1, 0, 0, 0, 0, 955, 16846, 2.6, 60.1, 2993.1
2, 128043, 11/12/2018 08:00:12, OTHER_GROUPS, 15.2, 46.8, 8871.9, 26.4, 0, 0, 0, 0, 827, 24621, 5.2, 90.9, 5217.3
2, 128044, 11/12/2018 08:20:02, OTHER_GROUPS, 14.5, 49.8, 9228, 31.4, 0, 0, 1, 9, 699, 40745, 3.9, 2025.3, 4419.2
2, 128045, 11/12/2018 08:40:14, OTHER_GROUPS, 13.4, 44.6, 8839.4, 27.6, 0, 0, 0, 0, 734, 26646, 3.6, 104.1, 4472.6
2, 128046, 11/12/2018 09:00:15, OTHER_GROUPS, 24, 73.2, 9928.9, 43.2, 0, 0, 0, 0, 580, 92188, 6, 3950, 3998.8
2, 128047, 11/12/2018 09:20:08, OTHER_GROUPS, 24, 72.2, 8700.6, 42.5, 0, 0, 2, 36, 735, 82778, 5.7, 1828.7, 3362
2, 128048, 11/12/2018 09:40:27, OTHER_GROUPS, 24.4, 74.7, 9298.9, 44.3, 0, 0, 0, 0, 715, 69850, 6, 97.3, 4328.7
2, 128049, 11/12/2018 10:00:00, OTHER_GROUPS, 25.8, 68.6, 9141.7, 36.8, 0, 0, 0, 0, 668, 68784, 6, 111.5, 5193.7
2, 128050, 11/12/2018 10:20:11, OTHER_GROUPS, 25.3, 56, 8599, 23.5, 0, 0, 1, 32, 1091, 50431, 7.2, 892.4, 5700
2, 128051, 11/12/2018 10:40:11, OTHER_GROUPS, 21, 81.3, 10247.9, 54.4, 0, 0, 0, 0, 1044, 42189, 5.9, 116.8, 5205.1
2, 128052, 11/12/2018 11:00:16, OTHER_GROUPS, 19.3, 61.1, 8293.4, 35.8, 0, 0, 0, 0, 588, 50467, 6, 92.6, 4034
2, 128053, 11/12/2018 11:20:30, OTHER_GROUPS, 20, 57.3, 8811.3, 31.5, 0, 0, 0, 0, 616, 46420, 5.8, 114.6, 5127.2
2, 128054, 11/12/2018 11:40:28, OTHER_GROUPS, 23.8, 55, 9130.1, 25.3, 0, 0, 0, 0, 3356, 50334, 5.9, 117, 5352.9
2, 128055, 11/12/2018 12:00:18, OTHER_GROUPS, 23.2, 46.4, 9314.7, 17.4, 0, 0, 0, 0, 622, 45913, 5.8, 114.7, 5464.5
2, 128056, 11/12/2018 12:20:04, OTHER_GROUPS, 21.9, 59.4, 9039.4, 32, 0, 0, 0, 0, 663, 45198, 5.5, 130.4, 5217.1
2, 128057, 11/12/2018 12:40:13, OTHER_GROUPS, 22.4, 39.4, 8262.3, 11.6, 0, 0, 0, 0, 553, 41432, 5.4, 130.2, 6653.7
2, 128058, 11/12/2018 13:00:18, OTHER_GROUPS, 21.2, 57.4, 10777.8, 30.9, 0, 0, 2, 32, 606, 40315, 5.3, 151.9, 5922.1
2, 128059, 11/12/2018 13:20:18, OTHER_GROUPS, 18.4, 50.3, 8806.8, 27.7, 0, 0, 0, 0, 556, 33512, 4.2, 100.7, 4596.5
2, 128060, 11/12/2018 13:40:09, OTHER_GROUPS, 19.8, 55.2, 8715.3, 30.9, 0, 0, 0, 0, 570, 42434, 4.5, 103, 4001.3
2, 128061, 11/12/2018 14:00:25, OTHER_GROUPS, 19.3, 53.9, 9527.1, 28.8, 0, 0, 0, 0, 528, 44046, 5.8, 101.7, 4042.7
2, 128062, 11/12/2018 14:20:39, OTHER_GROUPS, 19.2, 46.9, 8938.3, 22.1, 0, 0, 0, 0, 582, 36779, 5.6, 109.6, 4373.3
2, 128063, 11/12/2018 14:40:11, OTHER_GROUPS, 18.4, 33.6, 8377.6, 11, 0, 0, 0, 0, 553, 31642, 4.2, 115.2, 5254.4
2, 128064, 11/12/2018 15:00:19, OTHER_GROUPS, 16.1, 62.9, 10478.9, 42.5, 0, 0, 0, 0, 635, 31934, 4.3, 103.9, 4625.3
3, 128019, 11/12/2018 00:00:12, ADW_UNLOAD_GROUP, 0.4, 1.2, 1042.5, 0.8, 1, 0, 1, 16, 69, 26, 0, 0.6, 23.2
3, 128020, 11/12/2018 00:20:06, ADW_UNLOAD_GROUP, 0.5, 1.3, 853.4, 0.7, 2, 0.1, 2, 32, 125, 32, 0.1, 1.1, 34.5
3, 128021, 11/12/2018 00:40:13, ADW_UNLOAD_GROUP, 0.4, 1.2, 601.6, 0.8, 0, 0, 0, 0, 52, 47, 0, 0.8, 41
3, 128022, 11/12/2018 01:00:07, ADW_UNLOAD_GROUP, 0.4, 1.2, 1503.6, 0.8, 0, 0, 1, 16, 85, 65, 0, 0.4, 29.5
3, 128023, 11/12/2018 01:20:19, ADW_UNLOAD_GROUP, 0.3, 0.7, 981.1, 0.4, 1, 0.1, 0, 0, 85, 33, 0, 0.2, 8.1
3, 128024, 11/12/2018 01:40:30, ADW_UNLOAD_GROUP, 0.3, 0.4, 334.3, 0.1, 0, 0.4, 1, 16, 47, 10, 0, 0.1, 0.1
3, 128025, 11/12/2018 02:00:01, ADW_UNLOAD_GROUP, 0.5, 1.5, 1076.1, 1, 1, 0.1, 0, 0, 116, 60, 0, 1.2, 60.8
3, 128026, 11/12/2018 02:20:10, ADW_UNLOAD_GROUP, 0.4, 0.8, 730.7, 0.4, 0, 0, 1, 16, 52, 32, 0, 0.6, 41.8
3, 128027, 11/12/2018 02:40:18, ADW_UNLOAD_GROUP, 0.4, 1, 994.6, 0.6, 1, 0.1, 1, 16, 101, 57, 0, 0.4, 7.8
3, 128028, 11/12/2018 03:00:11, ADW_UNLOAD_GROUP, 0.4, 0.9, 344.3, 0.5, 1, 0, 0, 0, 75, 36, 0, 0.4, 4.2
3, 128029, 11/12/2018 03:20:37, ADW_UNLOAD_GROUP, 0.4, 1.6, 1521.4, 1, 1, 0, 0, 0, 62, 48, 0.2, 1, 48.4
3, 128030, 11/12/2018 03:40:06, ADW_UNLOAD_GROUP, 0.6, 1.6, 1395.2, 0.9, 1, 0, 1, 16, 170, 85, 0.1, 1.2, 63.4
3, 128031, 11/12/2018 04:00:07, ADW_UNLOAD_GROUP, 0.5, 1.5, 418.7, 1, 1, 0.1, 1, 16, 47, 62, 0, 0.4, 22.6
3, 128032, 11/12/2018 04:20:02, ADW_UNLOAD_GROUP, 0.3, 1.4, 445.8, 1.1, 0, 0, 1, 16, 75, 30, 0, 0.5, 16.3
3, 128033, 11/12/2018 04:40:42, ADW_UNLOAD_GROUP, 0.4, 1.6, 850.2, 1.1, 1, 0.2, 0, 0, 81, 64, 0.1, 1.3, 68.2
3, 128034, 11/12/2018 05:00:14, ADW_UNLOAD_GROUP, 0.5, 1.6, 1136.7, 1, 1, 0.1, 1, 16, 120, 94, 0.1, 1, 63
3, 128035, 11/12/2018 05:20:33, ADW_UNLOAD_GROUP, 0.4, 1.4, 534.9, 1, 1, 0, 2, 32, 63, 34, 0, 0.5, 20.3
3, 128036, 11/12/2018 05:40:01, ADW_UNLOAD_GROUP, 0.5, 1.4, 841.2, 0.8, 1, 0, 0, 0, 101, 44, 0.1, 1.3, 49.6
3, 128037, 11/12/2018 06:00:05, ADW_UNLOAD_GROUP, 0.4, 0.8, 390.4, 0.4, 1, 0.4, 2, 32, 121, 26, 0, 0.5, 20.9
3, 128038, 11/12/2018 06:20:05, ADW_UNLOAD_GROUP, 0.4, 0.6, 596.8, 0.2, 2, 0.9, 1, 16, 86, 13, 0, 0.2, 7.8
3, 128039, 11/12/2018 06:40:06, ADW_UNLOAD_GROUP, 0.3, 1.1, 1293.6, 0.8, 0, 1.1, 0, 0, 56, 5, 0, 0.1, 0.1
3, 128040, 11/12/2018 07:00:27, ADW_UNLOAD_GROUP, 0.4, 0.5, 768.3, 0.1, 0, 0.8, 0, 0, 84, 38, 0, 0.5, 12.5
3, 128041, 11/12/2018 07:20:02, ADW_UNLOAD_GROUP, 0.4, 1.2, 351.6, 0.8, 0, 0.6, 1, 16, 96, 37, 0, 0.3, 7.2
3, 128042, 11/12/2018 07:40:07, ADW_UNLOAD_GROUP, 0.3, 1.4, 530.3, 1.1, 0, 0.2, 0, 0, 71, 18, 0, 0.3, 17.4
3, 128043, 11/12/2018 08:00:12, ADW_UNLOAD_GROUP, 0.4, 1.2, 1077.6, 0.8, 0, 0, 1, 16, 56, 30, 0, 0.4, 22.7
3, 128044, 11/12/2018 08:20:02, ADW_UNLOAD_GROUP, 0.3, 0.8, 1160.8, 0.5, 0, 0, 0, 0, 61, 24, 0, 0.2, 3.2
3, 128045, 11/12/2018 08:40:14, ADW_UNLOAD_GROUP, 0.5, 1, 1167.8, 0.5, 3, 0.7, 0, 0, 93, 85, 0, 0.2, 11.4
3, 128046, 11/12/2018 09:00:15, ADW_UNLOAD_GROUP, 0.3, 0.8, 1466.5, 0.5, 0, 1.1, 0, 0, 52, 29, 0, 0.1, 0.7
3, 128047, 11/12/2018 09:20:08, ADW_UNLOAD_GROUP, 0.3, 0.7, 690.9, 0.4, 0, 1.1, 0, 0, 51, 35, 0, 0.1, 1.2
3, 128048, 11/12/2018 09:40:31, ADW_UNLOAD_GROUP, 0.3, 0.8, 347.5, 0.5, 0, 1.2, 0, 0, 62, 28, 0, 0.1, 1.3
3, 128049, 11/12/2018 10:00:01, ADW_UNLOAD_GROUP, 0.3, 0.4, 7.1, 0.1, 2, 1.4, 1, 16, 66, 15, 0, 0.1, 0.9
3, 128050, 11/12/2018 10:20:12, ADW_UNLOAD_GROUP, 0.3, 0.3, 652.9, 0, 1, 1.9, 0, 0, 70, 17, 0, 0.1, 0.5
3, 128051, 11/12/2018 10:40:11, ADW_UNLOAD_GROUP, 0.3, 2.6, 369.8, 2.3, 0, 1.9, 0, 0, 177, 31, 0, 0.5, 6
3, 128052, 11/12/2018 11:00:16, ADW_UNLOAD_GROUP, 0.4, 2.2, 445.9, 1.7, 2, 0.8, 5, 80, 108, 89, 0.1, 1, 13.9
3, 128053, 11/12/2018 11:20:35, ADW_UNLOAD_GROUP, 0.4, 1.8, 763.7, 1.3, 2, 0, 2, 32, 132, 53, 0.1, 1.4, 53.7
3, 128054, 11/12/2018 11:40:28, ADW_UNLOAD_GROUP, 0.5, 1.9, 1487.2, 1.4, 0, 0, 2, 32, 103, 42, 0, 1, 57.4
3, 128055, 11/12/2018 12:00:17, ADW_UNLOAD_GROUP, 0.4, 0.4, 662.9, 0, 0, 0, 2, 32, 109, 19, 0, 0.3, 12.7
3, 128056, 11/12/2018 12:20:04, ADW_UNLOAD_GROUP, 0.3, 0.4, 921.5, 0.1, 0, 0, 0, 0, 66, 9, 0, 0.1, 0
3, 128057, 11/12/2018 12:40:13, ADW_UNLOAD_GROUP, 0.3, 0.3, 5.7, 0, 0, 0, 0, 0, 103, 5, 0, 0.1, 0
3, 128058, 11/12/2018 13:00:17, ADW_UNLOAD_GROUP, 0.3, 0.4, 645.2, 0.1, 0, 0, 0, 0, 75, 15, 0, 0.1, 0
3, 128059, 11/12/2018 13:20:18, ADW_UNLOAD_GROUP, 0.2, 0.3, 334.9, 0.1, 0, 0, 0, 0, 66, 7, 0, 0.1, 0
3, 128060, 11/12/2018 13:40:03, ADW_UNLOAD_GROUP, 0.3, 0.3, 318.9, 0, 0, 0, 0, 0, 64, 12, 0, 0.1, 0
3, 128061, 11/12/2018 14:00:26, ADW_UNLOAD_GROUP, 0.3, 0.4, 1284.4, 0.1, 0, 0, 0, 0, 76, 13, 0, 0.1, 0
3, 128062, 11/12/2018 14:20:39, ADW_UNLOAD_GROUP, 0.3, 0.4, 341.1, 0.1, 0, 0, 0, 0, 61, 23, 0, 0.1, 0
3, 128063, 11/12/2018 14:40:12, ADW_UNLOAD_GROUP, 0.3, 0.3, 968.4, 0, 0, 0, 0, 0, 61, 6, 0, 0.2, 0
3, 128064, 11/12/2018 15:00:20, ADW_UNLOAD_GROUP, 0.3, 0.4, 334.7, 0.1, 0, 0, 0, 0, 302, 8, 0, 0.1, 0
3, 128019, 11/12/2018 00:00:12, DM_TECH_GROUP, 5.4, 6.8, 4030.9, 1.1, 0, 0, 1, 16, 42, 1790, 0.3, 87.2, 463.9
3, 128020, 11/12/2018 00:20:06, DM_TECH_GROUP, 9.3, 22.2, 15227.7, 11.6, 0, 0, 147, 2152, 2664, 11556, 1.3, 1012.6, 1172.8
3, 128021, 11/12/2018 00:40:13, DM_TECH_GROUP, 18.3, 44.4, 48689.5, 23.3, 0, 0, 96, 1426, 1827, 44528, 2.8, 2230.3, 1985.7
3, 128022, 11/12/2018 01:00:07, DM_TECH_GROUP, 18.6, 61.7, 54202.2, 38, 0, 0, 300, 4404, 4565, 57208, 5.1, 2168.7, 2153.4
3, 128023, 11/12/2018 01:20:19, DM_TECH_GROUP, 18.5, 38.9, 35487.5, 17.3, 0, 0, 164, 2412, 2411, 23435, 3.1, 1308.6, 2236
3, 128024, 11/12/2018 01:40:30, DM_TECH_GROUP, 18.8, 35.5, 39318.7, 14.5, 0, 0, 285, 4008, 4324, 17592, 2.2, 1386.2, 1939.3
3, 128025, 11/12/2018 02:00:01, DM_TECH_GROUP, 19.4, 46.4, 30936, 23.9, 0, 0, 10, 158, 235, 39730, 3.1, 884, 1397.7
3, 128026, 11/12/2018 02:20:10, DM_TECH_GROUP, 19, 44.1, 27887.4, 21.5, 0, 0, 5, 84, 74, 38734, 3.6, 761.2, 3380.2
3, 128027, 11/12/2018 02:40:18, DM_TECH_GROUP, 19.2, 45.5, 33562.8, 21.4, 0, 0, 3, 42, 27, 22357, 4.9, 963.8, 5834.8
3, 128028, 11/12/2018 03:00:11, DM_TECH_GROUP, 19, 42.3, 29082.5, 12.5, 0, 0, 17, 288, 292, 20444, 10.8, 1008.5, 11060.7
3, 128029, 11/12/2018 03:20:37, DM_TECH_GROUP, 16.2, 32.3, 16735, 8.5, 0, 0, 56, 880, 881, 9646, 7.6, 704.9, 7161
3, 128030, 11/12/2018 03:40:06, DM_TECH_GROUP, 16.3, 28.6, 16798.8, 7.9, 0, 0, 1, 24, 0, 7087, 4.4, 788.9, 3365.1
3, 128031, 11/12/2018 04:00:07, DM_TECH_GROUP, 16.3, 30.1, 21608.6, 10.7, 0, 0, 6, 120, 169, 10630, 3.1, 517.4, 2534.5
3, 128032, 11/12/2018 04:20:02, DM_TECH_GROUP, 11.6, 27.2, 9085.8, 13.6, 0, 0, 14, 198, 216, 4006, 2, 504.9, 4547.7
3, 128033, 11/12/2018 04:40:42, DM_TECH_GROUP, 5.5, 16.7, 3349.6, 9, 0, 0, 4, 48, 45, 1859, 2.2, 323.1, 3348.9
3, 128034, 11/12/2018 05:00:14, DM_TECH_GROUP, 5.2, 15, 6949.4, 8.1, 0, 0, 25, 368, 392, 1844, 1.7, 386.8, 3728
3, 128035, 11/12/2018 05:20:33, DM_TECH_GROUP, 7.2, 13.6, 16593.3, 5.3, 0, 0, 5, 88, 98, 1612, 1.1, 514.6, 3321.5
3, 128036, 11/12/2018 05:40:01, DM_TECH_GROUP, 5.1, 10, 15789, 2.6, 0, 0, 136, 1998, 2323, 1567, 2.3, 634.6, 6612.6
3, 128037, 11/12/2018 06:00:05, DM_TECH_GROUP, 7, 14.7, 2486.6, 5.5, 0, 0, 705, 9982, 10144, 2548, 2.2, 1755.4, 4090.3
3, 128038, 11/12/2018 06:20:05, DM_TECH_GROUP, 4, 10.9, 1296.2, 5.3, 0, 0, 21, 328, 424, 2197, 1.6, 512.7, 4321.9
3, 128039, 11/12/2018 06:40:06, DM_TECH_GROUP, 3.5, 19.5, 7543.6, 13.6, 0, 0, 124, 1740, 1630, 1417, 2.4, 257.6, 5815.2
3, 128040, 11/12/2018 07:00:27, DM_TECH_GROUP, 11.9, 17.1, 10337.8, 0, 0, 0, 154, 2236, 2596, 8446, 5.2, 1528.2, 12816.7
3, 128041, 11/12/2018 07:20:02, DM_TECH_GROUP, 14.9, 17.6, 14451, 1.2, 0, 0, 55, 794, 960, 10325, 1.5, 2899, 3174.6
3, 128042, 11/12/2018 07:40:07, DM_TECH_GROUP, 6.9, 15.4, 14120.5, 7.7, 0, 0, 178, 2592, 3170, 1662, 0.8, 830, 1738.5
3, 128043, 11/12/2018 08:00:12, DM_TECH_GROUP, 11, 12.6, 12518.2, 1.1, 0, 0, 39, 552, 784, 2898, 0.5, 310.3, 627.6
3, 128044, 11/12/2018 08:20:02, DM_TECH_GROUP, 12.6, 12.8, 4659.8, 0.2, 0, 0, 2, 24, 12, 3056, 0, 281.8, 7.2
3, 128045, 11/12/2018 08:40:14, DM_TECH_GROUP, 13.1, 13.1, 5437.7, 0, 0, 0, 0, 0, 1, 5048, 0, 183.8, 0
3, 128046, 11/12/2018 09:00:15, DM_TECH_GROUP, 10.6, 12.9, 6010.8, 2.1, 0, 0, 1, 16, 65, 7932, 0.2, 200.5, 284.8
3, 128047, 11/12/2018 09:20:08, DM_TECH_GROUP, 9.4, 9.5, 5435.1, 0, 0, 0, 0, 0, 0, 4473, 0.1, 194.5, 131.5
3, 128048, 11/12/2018 09:40:31, DM_TECH_GROUP, 9.8, 10.1, 6430.6, 0.3, 0, 0, 1, 16, 16, 6595, 0, 152.5, 42.3
3, 128049, 11/12/2018 10:00:01, DM_TECH_GROUP, 11, 12.7, 7138, 1.5, 0, 0, 6, 96, 160, 6768, 0.2, 189, 165.6
3, 128050, 11/12/2018 10:20:12, DM_TECH_GROUP, 11.2, 11.9, 6855.4, 0.6, 0, 0, 7, 88, 112, 5087, 0.1, 175.8, 28.2
3, 128051, 11/12/2018 10:40:11, DM_TECH_GROUP, 11, 11.4, 9123, 0.4, 0, 0, 0, 0, 0, 13880, 0, 291.3, 6.3
3, 128052, 11/12/2018 11:00:16, DM_TECH_GROUP, 9.8, 10.7, 8236.6, 0.9, 0, 0, 1, 32, 16, 4870, 0, 212.7, 4.5
3, 128053, 11/12/2018 11:20:35, DM_TECH_GROUP, 8.6, 8.6, 8991.1, 0, 0, 0, 1, 16, 16, 2291, 0, 339.1, 12.7
3, 128054, 11/12/2018 11:40:28, DM_TECH_GROUP, 10.8, 11.2, 9800.6, 0.4, 0, 0, 4, 64, 48, 3033, 0, 390.8, 6.5
3, 128055, 11/12/2018 12:00:17, DM_TECH_GROUP, 9, 9.5, 7857.8, 0.5, 0, 0, 1, 24, 40, 2527, 0, 191.5, 4
3, 128056, 11/12/2018 12:20:04, DM_TECH_GROUP, 10, 10.2, 7068.8, 0.2, 0, 0, 0, 0, 0, 12562, 0, 156.1, 0.1
3, 128057, 11/12/2018 12:40:13, DM_TECH_GROUP, 10.2, 10.3, 7691.9, 0, 0, 0, 0, 0, 0, 2861, 0.1, 158, 52.6
3, 128058, 11/12/2018 13:00:17, DM_TECH_GROUP, 10.9, 11.1, 8863.8, 0.2, 0, 0, 0, 0, 0, 10506, 0, 145.3, 4
3, 128059, 11/12/2018 13:20:18, DM_TECH_GROUP, 10.1, 12, 8414.2, 1.5, 0, 0, 5, 120, 177, 3095, 0.4, 199.2, 902.9
3, 128060, 11/12/2018 13:40:03, DM_TECH_GROUP, 10.8, 13.3, 9770.1, 2.1, 0, 0, 22, 366, 432, 3661, 0.4, 385.9, 649.8
3, 128061, 11/12/2018 14:00:26, DM_TECH_GROUP, 13.9, 23.2, 9249, 6.8, 0, 0, 327, 4808, 4778, 17456, 2.5, 1506.4, 3506.1
3, 128062, 11/12/2018 14:20:39, DM_TECH_GROUP, 10.6, 14.2, 8627.4, 2.7, 0, 0, 414, 5700, 5659, 18893, 0.9, 299.2, 1335.8
3, 128063, 11/12/2018 14:40:12, DM_TECH_GROUP, 9.5, 12.1, 9252.5, 1.9, 0, 0, 3, 48, 48, 2998, 0.7, 457.7, 2006.9
3, 128064, 11/12/2018 15:00:20, DM_TECH_GROUP, 11.7, 13.4, 11282, 1.5, 0, 0, 48, 672, 648, 4805, 0.2, 299.9, 312.5
3, 128019, 11/12/2018 00:00:12, OTHER_GROUPS, 2.7, 22.4, 6326, 19.6, 0, 0, 18, 100, 2039, 771, 0.1, 5170.8, 160.3
3, 128020, 11/12/2018 00:20:06, OTHER_GROUPS, 10.9, 59.8, 8489.7, 48.1, 0, 0, 411, 2344, 15145, 5158, 0.8, 13483.5, 243.8
3, 128021, 11/12/2018 00:40:13, OTHER_GROUPS, 32.7, 48.8, 8037.6, 13.7, 0, 0, 539, 3572, 6085, 28320, 2.4, 4751, 2476.9
3, 128022, 11/12/2018 01:00:07, OTHER_GROUPS, 15.5, 20.7, 6509.3, 4.3, 0, 0, 265, 1748, 3652, 8539, 0.9, 1995.2, 826.6
3, 128023, 11/12/2018 01:20:19, OTHER_GROUPS, 9.3, 12.9, 5801.1, 3.4, 0, 0, 198, 1512, 2714, 3281, 0.2, 277.4, 116.1
3, 128024, 11/12/2018 01:40:30, OTHER_GROUPS, 8.4, 11.9, 6147.1, 3.4, 0, 0, 1, 8, 953, 2935, 0.1, 219, 78.1
3, 128025, 11/12/2018 02:00:01, OTHER_GROUPS, 2.5, 5.6, 5226.3, 3, 0, 0, 4, 40, 1312, 1038, 0.1, 59.9, 43.4
3, 128026, 11/12/2018 02:20:10, OTHER_GROUPS, 0.9, 3.9, 4593.2, 3, 0, 0, 0, 0, 998, 474, 0, 4.7, 31.4
3, 128027, 11/12/2018 02:40:18, OTHER_GROUPS, 0.8, 4.5, 5133.3, 3.7, 0, 0, 4, 28, 2753, 421, 0, 3.1, 37.1
3, 128028, 11/12/2018 03:00:11, OTHER_GROUPS, 0.9, 4.8, 4743.5, 3.8, 0, 0, 0, 0, 906, 672, 0.1, 5.2, 42.1
3, 128029, 11/12/2018 03:20:37, OTHER_GROUPS, 0.8, 4.6, 4901.8, 3.7, 0, 0, 0, 0, 764, 411, 0.1, 4.8, 32.4
3, 128030, 11/12/2018 03:40:06, OTHER_GROUPS, 0.8, 4.1, 4702.7, 3.1, 0, 0, 0, 0, 619, 357, 0.2, 13.9, 50.3
3, 128031, 11/12/2018 04:00:07, OTHER_GROUPS, 1, 5.2, 16767.7, 4.1, 0, 0, 0, 0, 510, 423, 0.1, 14.8, 48
3, 128032, 11/12/2018 04:20:02, OTHER_GROUPS, 7.9, 13.4, 36908.3, 5.1, 0, 0, 15, 116, 889, 2660, 0.4, 629.2, 95.8
3, 128033, 11/12/2018 04:40:42, OTHER_GROUPS, 6.3, 9.2, 31170.4, 2.5, 0, 0, 2, 16, 837, 2146, 0.4, 493, 109.9
3, 128034, 11/12/2018 05:00:14, OTHER_GROUPS, 6.3, 9.5, 32183.9, 2.7, 0, 0, 2, 12, 993, 2182, 0.5, 499.5, 117.2
3, 128035, 11/12/2018 05:20:33, OTHER_GROUPS, 6.2, 9.9, 33290.1, 3.3, 0, 0, 0, 0, 780, 1591, 0.4, 505.5, 109.3
3, 128036, 11/12/2018 05:40:01, OTHER_GROUPS, 2.5, 5.6, 12625.4, 2.9, 0, 0, 0, 0, 598, 729, 0.2, 197, 84.6
3, 128037, 11/12/2018 06:00:05, OTHER_GROUPS, 1, 4.8, 4556.2, 3.5, 0, 0, 0, 0, 1164, 459, 0.3, 12.1, 228.4
3, 128038, 11/12/2018 06:20:05, OTHER_GROUPS, 0.8, 4.5, 5009.4, 3.6, 0, 0, 0, 0, 679, 382, 0.1, 7.1, 30
3, 128039, 11/12/2018 06:40:06, OTHER_GROUPS, 0.8, 7.7, 6944.1, 6.9, 0, 0, 0, 0, 610, 301, 0, 23.4, 19.5
3, 128040, 11/12/2018 07:00:27, OTHER_GROUPS, 0.9, 3.5, 3082.4, 2.5, 0, 0, 0, 0, 593, 402, 0.1, 8.2, 26.9
3, 128041, 11/12/2018 07:20:02, OTHER_GROUPS, 0.8, 5.2, 4571.1, 4.3, 0, 0, 0, 0, 626, 371, 0.1, 4.3, 58
3, 128042, 11/12/2018 07:40:07, OTHER_GROUPS, 0.9, 5, 5026.3, 4, 0, 0, 0, 0, 720, 327, 0.1, 9, 39.5
3, 128043, 11/12/2018 08:00:12, OTHER_GROUPS, 0.8, 5.3, 4751.5, 4.4, 0, 0, 0, 0, 558, 432, 0.1, 10.8, 39.7
3, 128044, 11/12/2018 08:20:02, OTHER_GROUPS, 0.9, 4.9, 4951.1, 3.9, 0, 0, 0, 0, 610, 369, 0.1, 16.5, 44.4
3, 128045, 11/12/2018 08:40:14, OTHER_GROUPS, 0.9, 5.1, 4846.3, 4.1, 0, 0, 0, 0, 656, 615, 0.1, 13.2, 40.4
3, 128046, 11/12/2018 09:00:15, OTHER_GROUPS, 0.8, 5.1, 5107.2, 4.2, 0, 0, 0, 0, 527, 691, 0.1, 13.2, 33.1
3, 128047, 11/12/2018 09:20:08, OTHER_GROUPS, 0.8, 3.7, 4644.4, 2.9, 0, 0, 0, 0, 625, 798, 0, 5.1, 29.1
3, 128048, 11/12/2018 09:40:31, OTHER_GROUPS, 0.9, 5, 5032.1, 4, 0, 0, 0, 0, 632, 1134, 0.1, 14.1, 29.9
3, 128049, 11/12/2018 10:00:01, OTHER_GROUPS, 0.9, 5, 4954.1, 4, 0, 0, 0, 0, 534, 918, 0.1, 24.5, 30
3, 128050, 11/12/2018 10:20:12, OTHER_GROUPS, 0.9, 4.3, 4884.3, 3.3, 0, 0, 0, 0, 968, 738, 0.1, 29, 29.4
3, 128051, 11/12/2018 10:40:11, OTHER_GROUPS, 0.9, 4.6, 5647.7, 3.6, 0, 0, 0, 0, 947, 1036, 0.1, 17.1, 36.6
3, 128052, 11/12/2018 11:00:16, OTHER_GROUPS, 0.8, 4.4, 4716.5, 3.5, 0, 0, 0, 0, 670, 636, 0.1, 16.1, 58.2
3, 128053, 11/12/2018 11:20:35, OTHER_GROUPS, 0.9, 4.4, 4685.4, 3.4, 0, 0, 0, 0, 621, 395, 0.1, 9.1, 45.6
3, 128054, 11/12/2018 11:40:28, OTHER_GROUPS, 0.9, 4.9, 5007.1, 3.9, 0, 0, 0, 0, 3426, 383, 0.1, 26, 38.6
3, 128055, 11/12/2018 12:00:17, OTHER_GROUPS, 0.9, 5, 5269.7, 4.1, 0, 0, 0, 0, 712, 402, 0, 10.5, 19.4
3, 128056, 11/12/2018 12:20:04, OTHER_GROUPS, 1.2, 5.1, 4882.4, 3.8, 0, 0, 0, 0, 695, 1720, 0.1, 27.3, 32
3, 128057, 11/12/2018 12:40:13, OTHER_GROUPS, 1.5, 5.1, 4902.6, 3.5, 0, 0, 0, 0, 568, 604, 0.1, 13.7, 22.9
3, 128058, 11/12/2018 13:00:17, OTHER_GROUPS, 1.4, 5.3, 5381.9, 3.8, 0, 0, 0, 0, 707, 2187, 0.1, 13.4, 23.7
3, 128059, 11/12/2018 13:20:18, OTHER_GROUPS, 0.8, 4.7, 4833.3, 3.9, 0, 0, 0, 0, 561, 438, 0, 18.5, 16.5
3, 128060, 11/12/2018 13:40:03, OTHER_GROUPS, 0.9, 4.5, 4587.2, 3.5, 0, 0, 0, 0, 734, 564, 0.1, 3.5, 23.5
3, 128061, 11/12/2018 14:00:26, OTHER_GROUPS, 0.9, 5.1, 5063.4, 4.2, 0, 0, 0, 0, 554, 1549, 0, 10, 22.7
3, 128062, 11/12/2018 14:20:39, OTHER_GROUPS, 0.9, 5.6, 5197.5, 4.6, 0, 0, 0, 0, 591, 1984, 0.1, 22.3, 27.5
3, 128063, 11/12/2018 14:40:12, OTHER_GROUPS, 0.9, 4.1, 4630.9, 3.1, 0, 0, 0, 0, 555, 536, 0.1, 20.5, 27.3
3, 128064, 11/12/2018 15:00:20, OTHER_GROUPS, 1, 4.8, 5672.4, 3.7, 0, 0, 0, 0, 648, 749, 0.1, 20.2, 20.3
3, 128019, 11/12/2018 00:00:12, SANDBOX_GROUP, 15.8, 30.5, 17173.1, 10.1, 0, 0, 54, 726, 931, 11557, 4.6, 5966.8, 4965.1
3, 128020, 11/12/2018 00:20:06, SANDBOX_GROUP, 18.1, 40.7, 15758.7, 15.7, 0, 0, 78, 989, 1015, 15644, 6.9, 10972, 6172.1
3, 128021, 11/12/2018 00:40:13, SANDBOX_GROUP, 17.6, 35.2, 4110.4, 13.6, 0, 0, 56, 476, 764, 13362, 4, 2302.5, 4271.7
3, 128022, 11/12/2018 01:00:07, SANDBOX_GROUP, 15.3, 38.1, 5610.5, 18.5, 0, 0, 64, 840, 917, 15254, 4.3, 3848.2, 4678.3
3, 128023, 11/12/2018 01:20:19, SANDBOX_GROUP, 12.2, 28.4, 7376.1, 10.8, 0, 0, 67, 931, 865, 4739, 5.4, 3919.3, 7790.5
3, 128024, 11/12/2018 01:40:30, SANDBOX_GROUP, 14.7, 29.3, 18125.9, 10.6, 0, 0, 47, 309, 613, 6957, 4, 744.3, 5735.8
3, 128025, 11/12/2018 02:00:01, SANDBOX_GROUP, 20.3, 58.6, 18518.5, 30.9, 0, 0, 49, 687, 1076, 51715, 7.4, 5603.2, 4283.1
3, 128026, 11/12/2018 02:20:10, SANDBOX_GROUP, 18.2, 39.2, 11178.1, 15.3, 0, 0, 61, 1211, 1117, 36967, 5.7, 6588.2, 6260
3, 128027, 11/12/2018 02:40:18, SANDBOX_GROUP, 19.9, 46.7, 20107.3, 16, 0, 0, 37, 919, 1112, 29682, 10.8, 12529.3, 15705.6
3, 128028, 11/12/2018 03:00:11, SANDBOX_GROUP, 20, 46.8, 16617.2, 12.9, 0, 0, 34, 654, 1010, 32195, 13.9, 6290.9, 16777.2
3, 128029, 11/12/2018 03:20:37, SANDBOX_GROUP, 17.9, 51.2, 12581.3, 20.4, 0, 0, 28, 614, 873, 32142, 12.9, 4467.9, 11382.2
3, 128030, 11/12/2018 03:40:06, SANDBOX_GROUP, 17, 42.2, 10967.8, 9.9, 0, 0, 13, 231, 634, 14588, 15.3, 2586.6, 17270.7
3, 128031, 11/12/2018 04:00:07, SANDBOX_GROUP, 17.7, 49.2, 11496.4, 18.1, 1, 0, 15, 235, 303, 19163, 13.4, 2935.3, 15747
3, 128032, 11/12/2018 04:20:02, SANDBOX_GROUP, 15.8, 49, 10663.9, 24.6, 0, 0, 13, 256, 707, 11516, 8.6, 2448.4, 17978.9
3, 128033, 11/12/2018 04:40:42, SANDBOX_GROUP, 18.5, 53, 7642.9, 24.3, 0, 0, 31, 608, 963, 31022, 10.2, 8191, 12746.7
3, 128034, 11/12/2018 05:00:14, SANDBOX_GROUP, 14.9, 32.6, 9522, 9.5, 0, 0, 30, 505, 770, 12307, 8.2, 6919.6, 11801
3, 128035, 11/12/2018 05:20:33, SANDBOX_GROUP, 10.7, 25.5, 6857.7, 9.8, 0, 0, 18, 352, 531, 2619, 5, 3058, 7640.6
3, 128036, 11/12/2018 05:40:01, SANDBOX_GROUP, 12.5, 26.2, 5399.1, 6.6, 0, 0, 47, 1099, 1328, 6264, 7.1, 6046.2, 12237.1
3, 128037, 11/12/2018 06:00:05, SANDBOX_GROUP, 13.1, 30.8, 5525.5, 10.4, 0, 0, 37, 1004, 1447, 7655, 7.3, 4402.2, 13709.7
3, 128038, 11/12/2018 06:20:05, SANDBOX_GROUP, 12.9, 31.6, 10176.7, 10, 0, 0, 40, 1048, 1228, 7739, 8.7, 4077.6, 19386.4
3, 128039, 11/12/2018 06:40:06, SANDBOX_GROUP, 15.7, 57.6, 11349.1, 34, 0, 0, 37, 989, 1293, 13529, 7.9, 6216.7, 14715.6
3, 128040, 11/12/2018 07:00:27, SANDBOX_GROUP, 18.7, 28.8, 4978.4, 3, 0, 0, 28, 733, 714, 23446, 7.1, 6457.3, 8756.6
3, 128041, 11/12/2018 07:20:02, SANDBOX_GROUP, 18.1, 48.1, 7509.6, 22.2, 0, 0, 36, 875, 957, 26265, 7.8, 6334.1, 9573.7
3, 128042, 11/12/2018 07:40:07, SANDBOX_GROUP, 17.7, 49.6, 13516.1, 23.7, 0, 0, 31, 746, 1330, 25131, 8.2, 11280.6, 9653.1
3, 128043, 11/12/2018 08:00:12, SANDBOX_GROUP, 20.1, 73.9, 17762.4, 41.2, 1, 0, 201, 1040, 1680, 46586, 12.6, 11395.9, 8378.9
3, 128044, 11/12/2018 08:20:02, SANDBOX_GROUP, 17.5, 67, 22592.1, 39.5, -1, 0, 45, 828, 1063, 32882, 10, 6465.8, 7326.2
3, 128045, 11/12/2018 08:40:14, SANDBOX_GROUP, 19.7, 65.6, 25821.1, 36.8, 0, 0, 29, 732, 1025, 31311, 9.1, 5176.3, 7385.5
3, 128046, 11/12/2018 09:00:15, SANDBOX_GROUP, 20, 101, 43714.1, 70.2, 0, 0, 11, 316, 479, 50856, 10.8, 8036.7, 4608
3, 128047, 11/12/2018 09:20:08, SANDBOX_GROUP, 20.1, 94.1, 41686.4, 65.3, 0, 0, 11, 258, 202, 37857, 8.7, 10202.4, 3359.6
3, 128048, 11/12/2018 09:40:31, SANDBOX_GROUP, 21, 98.8, 36629.5, 67.5, 0, 0, 10, 159, 250, 40543, 10.3, 7965.8, 3204.6
3, 128049, 11/12/2018 10:00:01, SANDBOX_GROUP, 19.3, 83.7, 21185.2, 46, 0, 0, 2, 64, 132, 38446, 18.4, 1672.1, 7195.8
3, 128050, 11/12/2018 10:20:12, SANDBOX_GROUP, 20, 87.2, 21631.8, 56.1, 0, 0, 6, 156, 373, 64400, 11.1, 1604.8, 3698
3, 128051, 11/12/2018 10:40:11, SANDBOX_GROUP, 22.8, 107.6, 25300.4, 68.9, 0, 0, 8, 212, 407, 85403, 15.9, 1231, 5185.4
3, 128052, 11/12/2018 11:00:16, SANDBOX_GROUP, 18.1, 93.3, 13839.1, 61, 0, 0, 10, 172, 226, 43724, 14.2, 1334.3, 3426.6
3, 128053, 11/12/2018 11:20:35, SANDBOX_GROUP, 19.8, 82, 20091.3, 50.2, 0, 0, 29, 646, 720, 47542, 12, 3237.3, 5887.8
3, 128054, 11/12/2018 11:40:28, SANDBOX_GROUP, 20.5, 81.7, 19434.1, 48.2, 0, 0, 20, 388, 468, 58872, 13, 2693.4, 7203.8
3, 128055, 11/12/2018 12:00:17, SANDBOX_GROUP, 20.1, 89.2, 16325.7, 53.8, 0, 0, 19, 390, 449, 58722, 15.3, 4936, 5670
3, 128056, 11/12/2018 12:20:04, SANDBOX_GROUP, 20.3, 84.2, 32435.3, 51.9, 0, 0, 23, 628, 839, 77866, 12, 5173.2, 4797.1
3, 128057, 11/12/2018 12:40:13, SANDBOX_GROUP, 20.3, 86.5, 26857.8, 55.4, 0, 0, 34, 798, 861, 72695, 10.8, 4527.7, 5158.4
3, 128058, 11/12/2018 13:00:17, SANDBOX_GROUP, 22.1, 99.9, 25636, 64.8, 0, 0, 19, 242, 529, 95961, 13, 1682.4, 5303.6
3, 128059, 11/12/2018 13:20:18, SANDBOX_GROUP, 19.2, 76.4, 25024.1, 49.3, 0, 0, 8, 126, 182, 70309, 7.9, 1650.5, 4791.6
3, 128060, 11/12/2018 13:40:03, SANDBOX_GROUP, 19.8, 79.8, 22213.4, 52.2, 0, 0, 20, 379, 996, 68671, 7.8, 5784.5, 3897.6
3, 128061, 11/12/2018 14:00:26, SANDBOX_GROUP, 20.2, 95.4, 24242.5, 62.7, 0, 0, 22, 466, 642, 72075, 12.5, 10454.9, 5759.8
3, 128062, 11/12/2018 14:20:39, SANDBOX_GROUP, 20.3, 84.3, 27244.7, 52.9, 0, 0, 19, 262, 427, 82302, 11.1, 4096.6, 5820.9
3, 128063, 11/12/2018 14:40:12, SANDBOX_GROUP, 19.8, 77.6, 24677.9, 46.1, 0, 0, 10, 204, 330, 65535, 11.7, 5913.5, 6010.5
3, 128064, 11/12/2018 15:00:20, SANDBOX_GROUP, 22.5, 102, 40838.5, 66.6, 0, 0, 13, 147, 357, 74715, 12.9, 4622.6, 5503.4
3, 128019, 11/12/2018 00:00:12, SZB_SANDBOX_GROUP, 18.9, 19.4, 11064.5, 0, 0, 0, 34, 1647, 3605, 6154, 0.5, 2153.4, 452.5
3, 128020, 11/12/2018 00:20:06, SZB_SANDBOX_GROUP, 4.4, 5.2, 577.8, 0.4, 0, 0, 15, 751, 1238, 1289, 0.4, 1412.9, 214.1
3, 128021, 11/12/2018 00:40:13, SZB_SANDBOX_GROUP, 3.1, 3.9, 454.6, 0.5, 0, 0, 26, 1216, 1586, 963, 0.3, 221.4, 195.7
3, 128022, 11/12/2018 01:00:07, SZB_SANDBOX_GROUP, 6.6, 6.8, 1277.1, 0, 0, 0, 11, 543, 1287, 2115, 0.2, 3693.4, 157.9
3, 128023, 11/12/2018 01:20:19, SZB_SANDBOX_GROUP, 15.5, 20.7, 7256, 4.8, 0, 0, 31, 1167, 1651, 3782, 0.4, 445, 373.4
3, 128024, 11/12/2018 01:40:30, SZB_SANDBOX_GROUP, 1.9, 2.5, 1043.7, 0.5, 0, 0, 8, 307, 847, 352, 0.1, 170.3, 71.6
3, 128025, 11/12/2018 02:00:01, SZB_SANDBOX_GROUP, 9.2, 10.8, 3029.1, 1, 0, 0, 8, 431, 2921, 3818, 0.6, 1353.1, 956.1
3, 128026, 11/12/2018 02:20:10, SZB_SANDBOX_GROUP, 9.6, 10, 2909, 0, 0, 0, 10, 514, 397, 2818, 0.4, 374.1, 631.6
3, 128027, 11/12/2018 02:40:18, SZB_SANDBOX_GROUP, 1.8, 3.2, 1012.1, 1, 0, 0, 6, 260, 812, 436, 0.4, 206.4, 942.4
3, 128028, 11/12/2018 03:00:11, SZB_SANDBOX_GROUP, 9, 15.1, 3382.2, 5.1, 0, 0, 5, 133, 5529, 6732, 1, 4215.8, 496.2
3, 128029, 11/12/2018 03:20:37, SZB_SANDBOX_GROUP, 20.4, 40.2, 16212.1, 18.7, 0, 0, 11, 655, 1496, 6876, 1.1, 8383.5, 522.5
3, 128030, 11/12/2018 03:40:06, SZB_SANDBOX_GROUP, 10.4, 16, 7880.4, 4.4, 0, 0, 5, 243, 1836, 5829, 1.2, 12032, 586.2
3, 128031, 11/12/2018 04:00:07, SZB_SANDBOX_GROUP, 9.6, 22.3, 10375.5, 9.1, 0, 0, 4, 175, 2690, 4036, 3.6, 2355.7, 3228.4
3, 128032, 11/12/2018 04:20:02, SZB_SANDBOX_GROUP, 9.2, 27.8, 8320.7, 17.5, 0, 0, 10, 527, 1891, 2772, 1.1, 4280.8, 2086
3, 128033, 11/12/2018 04:40:42, SZB_SANDBOX_GROUP, 10.9, 14.7, 7906, 3.2, 0, 0, 7, 367, 1308, 2357, 0.6, 5765, 550.3
3, 128034, 11/12/2018 05:00:14, SZB_SANDBOX_GROUP, 15.1, 18.4, 5375, 1.9, 0, 0, 5, 223, 5547, 5198, 1.4, 2602.3, 1958
3, 128035, 11/12/2018 05:20:33, SZB_SANDBOX_GROUP, 11.9, 16.4, 11018.1, 3.6, 0, 0, 17, 928, 1254, 3338, 0.9, 859.8, 1926.6
3, 128036, 11/12/2018 05:40:01, SZB_SANDBOX_GROUP, 7, 9.9, 11765.5, 1.9, 0, 0, 5, 239, 717, 1861, 1, 449, 1880.1
3, 128037, 11/12/2018 06:00:05, SZB_SANDBOX_GROUP, 12.2, 15.9, 12867.2, 2.4, 0, 0, 6, 271, 1979, 5124, 1.3, 3032.1, 2510.3
3, 128038, 11/12/2018 06:20:05, SZB_SANDBOX_GROUP, 8, 10.1, 6013.7, 1.3, 0, 0, 4, 175, 1236, 2975, 0.8, 387.3, 2366.4
3, 128039, 11/12/2018 06:40:06, SZB_SANDBOX_GROUP, 8, 15.1, 13340.2, 6.6, 0, 0, 5, 239, 1592, 1866, 0.5, 2006.7, 946.3
3, 128040, 11/12/2018 07:00:27, SZB_SANDBOX_GROUP, 14.8, 15.4, 8838.5, 0, 0, 0, 9, 495, 1420, 5253, 0.6, 2180.2, 545.9
3, 128041, 11/12/2018 07:20:02, SZB_SANDBOX_GROUP, 7.3, 13.3, 3434.9, 4, 0, 0, 7, 416, 2312, 2994, 2, 389.8, 3603.7
3, 128042, 11/12/2018 07:40:07, SZB_SANDBOX_GROUP, 6.8, 17.4, 12237, 9.8, 0, 0, 6, 303, 851, 1374, 0.8, 344.4, 2127.4
3, 128043, 11/12/2018 08:00:12, SZB_SANDBOX_GROUP, 4.9, 11.2, 3219.7, 4, 0, 0, 4, 175, 1003, 1277, 2.3, 3451.3, 4751.7
3, 128044, 11/12/2018 08:20:02, SZB_SANDBOX_GROUP, 6, 9.8, 5902.5, 3.4, 0, 0, 83, 1984, 2592, 2115, 0.4, 407.7, 389.7
3, 128045, 11/12/2018 08:40:14, SZB_SANDBOX_GROUP, 17.7, 25.5, 18057.1, 5, 0, 0, 83, 1923, 2420, 8553, 2.8, 861.5, 3990.9
3, 128046, 11/12/2018 09:00:15, SZB_SANDBOX_GROUP, 13.9, 21.9, 8469.9, 6.1, 0, 0, 76, 1679, 2498, 5841, 1.9, 2255.4, 1683.9
3, 128047, 11/12/2018 09:20:08, SZB_SANDBOX_GROUP, 9.6, 18.4, 4440.8, 7.9, 0, 0, 64, 1774, 2116, 5944, 0.9, 498.8, 990.5
3, 128048, 11/12/2018 09:40:31, SZB_SANDBOX_GROUP, 24.7, 59.3, 15987, 31.4, 0, 0, 61, 1501, 2282, 16937, 3.2, 2028.3, 5033.1
3, 128049, 11/12/2018 10:00:01, SZB_SANDBOX_GROUP, 21.1, 38.7, 20270.3, 14.8, 0, 0, 77, 1682, 2421, 18625, 2.8, 3157.4, 3713
3, 128050, 11/12/2018 10:20:12, SZB_SANDBOX_GROUP, 18.9, 19.7, 10861.7, 0.2, 0, 0, 94, 2431, 3220, 13292, 0.6, 950, 616.1
3, 128051, 11/12/2018 10:40:11, SZB_SANDBOX_GROUP, 13.3, 42.6, 12336.4, 27.5, 0, 0, 69, 1425, 27544, 20919, 1.8, 649, 1070.9
3, 128052, 11/12/2018 11:00:16, SZB_SANDBOX_GROUP, 15.2, 38, 11817.4, 21.3, 0, 0, 14, 416, 26924, 6677, 1.5, 4447.2, 1005.6
3, 128053, 11/12/2018 11:20:35, SZB_SANDBOX_GROUP, 11.6, 14.8, 8828.9, 2.6, 0, 0, 24, 847, 1165, 3635, 0.6, 1014.3, 816.2
3, 128054, 11/12/2018 11:40:28, SZB_SANDBOX_GROUP, 7.1, 8.2, 6273.8, 0.8, 0, 0, 8, 239, 392, 1942, 0.3, 166.6, 581.1
3, 128055, 11/12/2018 12:00:17, SZB_SANDBOX_GROUP, 19.4, 21.4, 13681.2, 1.7, 0, 0, 15, 554, 1476, 5556, 0.3, 6640.5, 178.2
3, 128056, 11/12/2018 12:20:04, SZB_SANDBOX_GROUP, 28.9, 39.1, 19613.9, 8.5, 0, 0, 14, 480, 1481, 40154, 1.7, 1038.7, 1449
3, 128057, 11/12/2018 12:40:13, SZB_SANDBOX_GROUP, 25.2, 30.8, 9952.8, 4.7, 0, 0, 12, 397, 549, 9470, 0.9, 1138.6, 1590.9
3, 128058, 11/12/2018 13:00:17, SZB_SANDBOX_GROUP, 38.3, 46, 12147.4, 7.2, 0, 0, 12, 431, 1617, 32960, 0.5, 2510.6, 365.2
3, 128059, 11/12/2018 13:20:18, SZB_SANDBOX_GROUP, 18.8, 27.7, 17989.7, 8.1, 0, 0, 2, 47, 449, 7573, 0.8, 534.8, 1501.6
3, 128060, 11/12/2018 13:40:03, SZB_SANDBOX_GROUP, 26.8, 29.5, 16717.8, 1.4, 0, 0, 15, 480, 1192, 12734, 1.3, 832.8, 1635.9
3, 128061, 11/12/2018 14:00:26, SZB_SANDBOX_GROUP, 27.9, 42.7, 20042.4, 14, 0, 0, 19, 495, 1995, 30719, 0.8, 3418.8, 214.8
3, 128062, 11/12/2018 14:20:39, SZB_SANDBOX_GROUP, 26.2, 32.9, 14202.1, 4.7, 0, 0, 24, 786, 1416, 63781, 2, 764.8, 772
3, 128063, 11/12/2018 14:40:12, SZB_SANDBOX_GROUP, 16.2, 16.9, 16524.4, 0.6, 0, 0, 1, 15, 535, 7287, 0.1, 933.1, 241.2
3, 128064, 11/12/2018 15:00:20, SZB_SANDBOX_GROUP, 24.1, 28.6, 17437.5, 4.1, 0, 0, 14, 592, 2118, 11822, 0.4, 6007.6, 417.7
4, 128019, 11/12/2018 00:00:12, ADW_UNLOAD_GROUP, 0.1, 0.8, 167.4, 0.7, 1, 0.1, 1, 16, 100, 20, 0, 0.6, 24.7
4, 128020, 11/12/2018 00:20:06, ADW_UNLOAD_GROUP, 0.1, 0.7, 63.2, 0.5, 2, 0.1, 2, 32, 75, 17, 0.1, 0.9, 56.5
4, 128021, 11/12/2018 00:40:13, ADW_UNLOAD_GROUP, 0.1, 0.5, 86.4, 0.4, 0, 0.4, 0, 0, 51, 13, 0, 0.3, 29
4, 128022, 11/12/2018 01:00:09, ADW_UNLOAD_GROUP, 0, 0.9, 64.3, 0.9, 0, 0.4, 0, 0, 68, 13, 0, 0.2, 14.6
4, 128023, 11/12/2018 01:20:19, ADW_UNLOAD_GROUP, 0.1, 0.6, 66, 0.5, 1, 0, 2, 32, 52, 17, 0, 0.7, 30.7
4, 128024, 11/12/2018 01:40:26, ADW_UNLOAD_GROUP, 0, 0, 0.5, 0, 0, 0.4, 0, 0, 49, 4, 0, 0, 0
4, 128025, 11/12/2018 02:00:01, ADW_UNLOAD_GROUP, 0.1, 0.8, 25.5, 0.6, 0, 0.1, 0, 0, 68, 42, 0.1, 0.7, 37.3
4, 128026, 11/12/2018 02:20:10, ADW_UNLOAD_GROUP, 0.1, 0.1, 4.4, 0, 1, 0, 2, 32, 70, 28, 0, 0.5, 10.9
4, 128027, 11/12/2018 02:40:18, ADW_UNLOAD_GROUP, 0, 0.1, 11.5, 0.1, 1, 0, 0, 0, 70, 3, 0, 0.2, 8.6
4, 128028, 11/12/2018 03:00:12, ADW_UNLOAD_GROUP, 0.2, 0.6, 59.1, 0.4, 1, 0, 0, 0, 123, 79, 0, 0.7, 34.6
4, 128029, 11/12/2018 03:20:37, ADW_UNLOAD_GROUP, 0.2, 0.8, 60, 0.6, 1, 0, 1, 16, 96, 35, 0, 0.5, 27.4
4, 128030, 11/12/2018 03:40:06, ADW_UNLOAD_GROUP, 0.1, 0.7, 103.3, 0.5, 1, 0, 1, 16, 71, 17, 0.1, 0.3, 22.7
4, 128031, 11/12/2018 04:00:07, ADW_UNLOAD_GROUP, 0.1, 0.8, 59, 0.7, 0, 0, 0, 0, 52, 25, 0, 0.3, 14.7
4, 128032, 11/12/2018 04:20:02, ADW_UNLOAD_GROUP, 0.1, 0.9, 206.1, 0.8, 1, 0, 1, 16, 78, 23, 0, 0.6, 34.6
4, 128033, 11/12/2018 04:41:53, ADW_UNLOAD_GROUP, 0.1, 1, 287.1, 0.9, 1, 0.1, 1, 16, 68, 49, 0, 0.4, 32.2
4, 128034, 11/12/2018 05:00:14, ADW_UNLOAD_GROUP, 0.2, 0.8, 83.1, 0.6, 1, 0.1, 0, 0, 88, 55, 0, 0.3, 35.4
4, 128035, 11/12/2018 05:20:33, ADW_UNLOAD_GROUP, 0.1, 1, 172.5, 0.9, 0, 0.1, 1, 16, 62, 34, 0, 0.2, 21.5
4, 128036, 11/12/2018 05:40:01, ADW_UNLOAD_GROUP, 0.1, 0.6, 138.4, 0.5, 1, 0, 1, 16, 70, 42, 0, 0.3, 26.8
4, 128037, 11/12/2018 06:00:06, ADW_UNLOAD_GROUP, 0.1, 0.8, 107.8, 0.7, 1, 0.3, 0, 0, 87, 33, 0, 0.2, 24
4, 128038, 11/12/2018 06:20:05, ADW_UNLOAD_GROUP, 0, 0.2, 3.1, 0.2, 1, 0.6, 2, 32, 53, 6, 0, 0, 3.9
4, 128039, 11/12/2018 06:40:06, ADW_UNLOAD_GROUP, 0, 0, 0, 0, 0, 0.8, 0, 0, 56, 1, 0, 0, 0
4, 128040, 11/12/2018 07:00:27, ADW_UNLOAD_GROUP, 0, 0.4, 3.2, 0.4, 0, 0.8, 0, 0, 47, 0, 0, 0, 0
4, 128041, 11/12/2018 07:20:02, ADW_UNLOAD_GROUP, 0.1, 0.8, 43.1, 0.7, 1, 0.5, 0, 0, 102, 23, 0, 0.4, 19.4
4, 128042, 11/12/2018 07:40:07, ADW_UNLOAD_GROUP, 0.1, 1.2, 53.4, 1.1, 0, 0.3, 1, 16, 103, 24, 0, 0.3, 12.8
4, 128043, 11/12/2018 08:00:16, ADW_UNLOAD_GROUP, 0.1, 0.8, 176.9, 0.7, 0, 0, 1, 16, 56, 22, 0, 0.2, 20
4, 128044, 11/12/2018 08:20:02, ADW_UNLOAD_GROUP, 0, 0.5, 64, 0.5, 0, 0, 0, 0, 54, 6, 0, 0.1, 6.4
4, 128045, 11/12/2018 08:40:14, ADW_UNLOAD_GROUP, 0, 0.5, 206.4, 0.5, 2, 0.5, 0, 0, 62, 2, 0, 0.2, 20.7
4, 128046, 11/12/2018 09:00:15, ADW_UNLOAD_GROUP, 0.1, 0.4, 15.4, 0.3, 0, 0.8, 0, 0, 55, 15, 0, 0.1, 7.9
4, 128047, 11/12/2018 09:20:08, ADW_UNLOAD_GROUP, 0, 0.4, 18.1, 0.4, 1, 0.9, 0, 0, 52, 4, 0, 0, 3
4, 128048, 11/12/2018 09:40:25, ADW_UNLOAD_GROUP, 0, 0.2, 6.1, 0.2, 0, 1.2, 1, 16, 54, 7, 0, 0, 0.5
4, 128049, 11/12/2018 10:00:01, ADW_UNLOAD_GROUP, 0, 0, 0, 0, 1, 1.2, 0, 0, 58, 2, 0, 0, 0.2
4, 128050, 11/12/2018 10:20:11, ADW_UNLOAD_GROUP, 0, 0, 0.6, 0, 1, 1.8, 0, 0, 61, 6, 0, 0, 0.1
4, 128051, 11/12/2018 10:40:13, ADW_UNLOAD_GROUP, 0, 1.5, 17.4, 1.5, 1, 2, 0, 0, 131, 5, 0, 0.2, 3.1
4, 128052, 11/12/2018 11:00:16, ADW_UNLOAD_GROUP, 0.2, 2.2, 205, 1.9, 2, 1, 4, 64, 137, 83, 0.1, 1, 44.6
4, 128053, 11/12/2018 11:20:55, ADW_UNLOAD_GROUP, 0.1, 1.3, 146.7, 1.2, 1, 0, 2, 32, 106, 46, 0, 1, 54.9
4, 128054, 11/12/2018 11:40:28, ADW_UNLOAD_GROUP, 0.1, 0.9, 125.6, 0.8, 0, 0, 3, 48, 94, 12, 0, 0.4, 43.9
4, 128055, 11/12/2018 12:00:22, ADW_UNLOAD_GROUP, 0, 0, 0, 0, 0, 0, 0, 0, 84, 2, 0, 0, 0
4, 128056, 11/12/2018 12:20:04, ADW_UNLOAD_GROUP, 0, 0, 0, 0, 0, 0, 0, 0, 57, 12, 0, 0, 0
4, 128057, 11/12/2018 12:40:13, ADW_UNLOAD_GROUP, 0, 0, 0, 0, 0, 0, 0, 0, 91, 2, 0, 0, 0
4, 128058, 11/12/2018 13:00:18, ADW_UNLOAD_GROUP, 0, 0, 0.7, 0, 0, 0, 0, 0, 67, 2, 0, 0, 0
4, 128059, 11/12/2018 13:20:15, ADW_UNLOAD_GROUP, 0, 0, 1.6, 0, 0, 0, 0, 0, 59, 1, 0, 0, 0
4, 128060, 11/12/2018 13:40:09, ADW_UNLOAD_GROUP, 0, 0, 0.1, 0, 0, 0, 0, 0, 56, 2, 0, 0, 0
4, 128061, 11/12/2018 14:00:25, ADW_UNLOAD_GROUP, 0, 0, 0.6, 0, 0, 0, 0, 0, 69, 0, 0, 0, 0
4, 128062, 11/12/2018 14:20:39, ADW_UNLOAD_GROUP, 0, 0, 0.5, 0, 0, 0, 0, 0, 63, 7, 0, 0, 0
4, 128063, 11/12/2018 14:40:11, ADW_UNLOAD_GROUP, 0, 0.2, 69.6, 0.2, 0, 0, 1, 16, 72, 1, 0, 0.3, 11.9
4, 128064, 11/12/2018 15:00:20, ADW_UNLOAD_GROUP, 0, 0, 0.6, 0, 0, 0, 0, 0, 294, 3, 0, 0, 0
4, 128019, 11/12/2018 00:00:12, DM_TECH_GROUP, 3.1, 6.5, 421.2, 1.9, 0, 0, 784, 11200, 11107, 551, 1.5, 2005, 6242.4
4, 128020, 11/12/2018 00:20:06, DM_TECH_GROUP, 6.2, 17.9, 7424.8, 9.2, 0, 0, 156, 2268, 2624, 6191, 2.5, 1682.8, 3476.7
4, 128021, 11/12/2018 00:40:13, DM_TECH_GROUP, 18.2, 53.2, 20273.8, 27.1, 0, 0, 201, 3066, 3717, 29346, 7.9, 4017.2, 7550.5
4, 128022, 11/12/2018 01:00:09, DM_TECH_GROUP, 18.9, 57.9, 35138.3, 26.4, 1, 0, 331, 4852, 5275, 17594, 12.6, 2501.3, 9299.6
4, 128023, 11/12/2018 01:20:19, DM_TECH_GROUP, 19.2, 50.9, 51599.7, 23.6, 0, 0, 114, 1671, 1980, 25319, 8.1, 1181.2, 7442.7
4, 128024, 11/12/2018 01:40:26, DM_TECH_GROUP, 19.2, 37.5, 48496.8, 14.2, 0, 0, 25, 356, 387, 18853, 4.1, 874.7, 3345.3
4, 128025, 11/12/2018 02:00:01, DM_TECH_GROUP, 19.3, 38.8, 49146.6, 12.5, 0, 0, 22, 308, 324, 21714, 7, 1157.4, 5870.3
4, 128026, 11/12/2018 02:20:10, DM_TECH_GROUP, 19.2, 37.5, 35971.8, 12.7, 0, 0, 54, 748, 802, 23239, 5.6, 667.9, 4825.6
4, 128027, 11/12/2018 02:40:18, DM_TECH_GROUP, 18.2, 37.9, 35100.3, 16.3, 0, 0, 7, 106, 90, 17947, 3.4, 731.8, 4744.9
4, 128028, 11/12/2018 03:00:12, DM_TECH_GROUP, 15.7, 28.7, 18270, 10.6, 0, 0, 23, 340, 344, 6422, 2.4, 496.9, 3512.4
4, 128029, 11/12/2018 03:20:37, DM_TECH_GROUP, 13.5, 28.4, 22764.3, 12.7, 1, 0, 42, 608, 770, 4447, 2.2, 896.2, 3452.1
4, 128030, 11/12/2018 03:40:06, DM_TECH_GROUP, 11.3, 22.7, 25741.9, 7.4, 0, 0, 11, 176, 216, 3219, 4, 504, 3295.1
4, 128031, 11/12/2018 04:00:07, DM_TECH_GROUP, 11.5, 24.7, 17506.9, 8.6, 10, 0, 544, 7834, 7836, 4455, 4.6, 2562.8, 6899.2
4, 128032, 11/12/2018 04:20:02, DM_TECH_GROUP, 8.9, 16.6, 15343.6, 6.7, 2, 0, 256, 3608, 3591, 2434, 1, 522.6, 2445.3
4, 128033, 11/12/2018 04:41:53, DM_TECH_GROUP, 8.2, 16.9, 25668.9, 7, 0, 0, 9, 144, 145, 2706, 1.7, 645.4, 3334
4, 128034, 11/12/2018 05:00:14, DM_TECH_GROUP, 6.9, 11.3, 9796.7, 3.8, 0, 0, 51, 696, 666, 1561, 0.6, 428.2, 739.8
4, 128035, 11/12/2018 05:20:33, DM_TECH_GROUP, 10.5, 12.9, 7219.9, 1.9, 0, 0, 16, 248, 268, 1634, 0.5, 573.7, 602.9
4, 128036, 11/12/2018 05:40:01, DM_TECH_GROUP, 11.2, 13, 6923.9, 1.2, 0, 0, 8, 132, 184, 2042, 0.6, 930.8, 868.9
4, 128037, 11/12/2018 06:00:06, DM_TECH_GROUP, 9.4, 14.5, 6548.5, 3.5, 0, 0, 20, 288, 570, 1965, 1.6, 581.7, 2402.5
4, 128038, 11/12/2018 06:20:05, DM_TECH_GROUP, 7.2, 10.7, 10245.6, 2.9, 0, 0, 35, 456, 402, 1606, 0.6, 466.9, 734
4, 128039, 11/12/2018 06:40:06, DM_TECH_GROUP, 5.6, 13.1, 10323.8, 6.4, 0, 0, 16, 176, 85, 1279, 1.1, 196.5, 1866.1
4, 128040, 11/12/2018 07:00:27, DM_TECH_GROUP, 11.9, 14.4, 11984.4, 1.9, 0, 0, 70, 1014, 1305, 6202, 0.6, 1635.6, 530.2
4, 128041, 11/12/2018 07:20:02, DM_TECH_GROUP, 11.8, 14.9, 19206.4, 2.6, 0, 0, 70, 1028, 1142, 4062, 0.5, 1096, 659.5
4, 128042, 11/12/2018 07:40:07, DM_TECH_GROUP, 6.4, 11.8, 13836.7, 4.9, 0, 0, 123, 1768, 1947, 1561, 0.5, 565.5, 935.6
4, 128043, 11/12/2018 08:00:16, DM_TECH_GROUP, 8.1, 15.3, 15733.6, 4.7, 3, 0, 525, 7560, 7612, 2714, 2.5, 1518.2, 4111.3
4, 128044, 11/12/2018 08:20:02, DM_TECH_GROUP, 5.3, 9.7, 17874.7, 2.9, 0, 0, 254, 3528, 3496, 1232, 1.5, 744.1, 4310.1
4, 128045, 11/12/2018 08:40:14, DM_TECH_GROUP, 4.1, 5.7, 17797, 1.3, 0, 0, 66, 976, 962, 555, 0.3, 24.8, 778.6
4, 128046, 11/12/2018 09:00:15, DM_TECH_GROUP, 4.1, 5.2, 19135.7, 0.8, 0, 0, 14, 208, 180, 659, 0.3, 49.2, 468.7
4, 128047, 11/12/2018 09:20:08, DM_TECH_GROUP, 3.9, 4.5, 16736.2, 0.3, 0, 0, 5, 56, 92, 548, 0.3, 53.5, 601.8
4, 128048, 11/12/2018 09:40:25, DM_TECH_GROUP, 3.5, 4.3, 10256.1, 0.6, 0, 0, 5, 74, 133, 516, 0.2, 13.5, 244.6
4, 128049, 11/12/2018 10:00:01, DM_TECH_GROUP, 6.2, 11.1, 14347.7, 3.4, 0, 0, 459, 6648, 6666, 2174, 1.5, 1575.1, 2436.2
4, 128050, 11/12/2018 10:20:11, DM_TECH_GROUP, 2.7, 4.2, 11047.7, 0.9, 1, 0, 303, 4200, 4157, 687, 0.6, 106.8, 1144.2
4, 128051, 11/12/2018 10:40:13, DM_TECH_GROUP, 2.2, 4.5, 20070.8, 0.8, 0, 0, 11, 176, 160, 397, 1.5, 604.2, 4334.5
4, 128052, 11/12/2018 11:00:16, DM_TECH_GROUP, 1.8, 3.9, 6506.8, 1.4, 0, 0, 59, 880, 890, 598, 0.7, 25.8, 670.2
4, 128053, 11/12/2018 11:20:55, DM_TECH_GROUP, 3.1, 4.4, 21863.4, 0.9, 0, 0, 22, 304, 284, 489, 0.4, 38.2, 563.3
4, 128054, 11/12/2018 11:40:28, DM_TECH_GROUP, 2.7, 3.4, 17798.2, 0.4, 0, 0, 3, 30, 76, 223, 0.3, 242.6, 291.2
4, 128055, 11/12/2018 12:00:22, DM_TECH_GROUP, 4.9, 9.7, 16264.3, 2.1, 1, 0, 756, 10752, 10774, 1358, 2.7, 1696.7, 4160.6
4, 128056, 11/12/2018 12:20:04, DM_TECH_GROUP, 3, 6.4, 14212, 2.3, 0, 0, 0, 0, 1, 1351, 1.1, 126.3, 1833.7
4, 128057, 11/12/2018 12:40:13, DM_TECH_GROUP, 3.1, 6.4, 20654, 1.9, 0, 0, 37, 596, 579, 813, 1.4, 344.7, 2927.8
4, 128058, 11/12/2018 13:00:18, DM_TECH_GROUP, 2.5, 3.4, 14685.8, 0.6, 0, 0, 57, 800, 771, 394, 0.3, 136.4, 342.8
4, 128059, 11/12/2018 13:20:15, DM_TECH_GROUP, 3.3, 15.5, 2365.2, 10.6, 0, 0, 3, 60, 324, 1733, 1.6, 270.7, 2466.1
4, 128060, 11/12/2018 13:40:09, DM_TECH_GROUP, 6.5, 25.6, 22032.7, 13.8, 0, 0, 3, 28, 0, 3986, 5.3, 347.4, 14792.8
4, 128061, 11/12/2018 14:00:25, DM_TECH_GROUP, 4.2, 12.1, 27612.8, 4.5, 0, 0, 7, 129, 59, 942, 3.4, 237.4, 9197.9
4, 128062, 11/12/2018 14:20:39, DM_TECH_GROUP, 6, 10.8, 13021.9, 2.7, 0, 0, 5, 61, 126, 1795, 2.1, 316.8, 4270.3
4, 128063, 11/12/2018 14:40:11, DM_TECH_GROUP, 2.9, 6.6, 33262.6, 2.1, 0, 0, 2, 36, 1, 679, 1.6, 131.5, 4772.1
4, 128064, 11/12/2018 15:00:20, DM_TECH_GROUP, 3, 3, 18972.5, 0, 0, 0, 1, 16, 18, 797, 0, 42.4, 66.4
4, 128019, 11/12/2018 00:00:12, OTHER_GROUPS, 2.2, 11.2, 5812.3, 8.8, 0, 0, 64, 256, 1308, 507, 0.2, 1048.8, 284.2
4, 128020, 11/12/2018 00:20:06, OTHER_GROUPS, 8.4, 40.5, 7752.4, 31.7, 0, 0, 163, 804, 1945, 3423, 0.4, 7904.2, 366.8
4, 128021, 11/12/2018 00:40:13, OTHER_GROUPS, 4.9, 9.6, 5789.3, 4.4, 0, 0, 85, 580, 1558, 1321, 0.3, 178, 194.5
4, 128022, 11/12/2018 01:00:09, OTHER_GROUPS, 3.9, 9.1, 5620.9, 4.7, 0, 0, 222, 1468, 3414, 1199, 0.5, 357.2, 228.5
4, 128023, 11/12/2018 01:20:19, OTHER_GROUPS, 8.3, 12.6, 5868.3, 3.4, 0, 0, 334, 2644, 3427, 4616, 0.9, 581.8, 2501.5
4, 128024, 11/12/2018 01:40:26, OTHER_GROUPS, 6, 9.7, 5017.2, 3, 0, 0, 19, 140, 1135, 3645, 0.7, 413.4, 2247.3
4, 128025, 11/12/2018 02:00:01, OTHER_GROUPS, 6.4, 12, 5855.7, 4.4, 0, 0, 0, 0, 1324, 3996, 1.2, 351.5, 2340.3
4, 128026, 11/12/2018 02:20:10, OTHER_GROUPS, 6.8, 12.3, 5573.2, 4.3, 0, 0, 0, 0, 1039, 3861, 1.2, 367, 2411.9
4, 128027, 11/12/2018 02:40:18, OTHER_GROUPS, 1.6, 5.2, 5593.5, 3.3, 0, 0, 4, 16, 2704, 495, 0.3, 69.2, 599.5
4, 128028, 11/12/2018 03:00:12, OTHER_GROUPS, 1.3, 5.3, 5426.2, 3.8, 0, 0, 0, 0, 630, 789, 0.2, 7.2, 162.9
4, 128029, 11/12/2018 03:20:37, OTHER_GROUPS, 1.1, 4.8, 5699.2, 3.6, 0, 0, 0, 0, 623, 252, 0.1, 7.6, 63.8
4, 128030, 11/12/2018 03:40:06, OTHER_GROUPS, 1.1, 4.2, 5514.9, 3, 0, 0, 0, 0, 665, 227, 0.1, 13.8, 64.4
4, 128031, 11/12/2018 04:00:07, OTHER_GROUPS, 1.3, 6.2, 18672.6, 4.7, 0, 0, 0, 0, 1550, 357, 0.2, 23.7, 179.8
4, 128032, 11/12/2018 04:20:02, OTHER_GROUPS, 22.2, 28, 36189, 5.3, 0, 0, 30, 216, 2506, 15762, 0.5, 1597.3, 284.8
4, 128033, 11/12/2018 04:41:53, OTHER_GROUPS, 37.9, 44.8, 36274.5, 6.5, 0, 0, 11, 88, 2282, 31283, 0.4, 1703, 222.1
4, 128034, 11/12/2018 05:00:14, OTHER_GROUPS, 20, 23.8, 33531.5, 3.3, 0, 0, 10, 80, 1821, 11719, 0.5, 1130.6, 275.5
4, 128035, 11/12/2018 05:20:33, OTHER_GROUPS, 18.4, 24.1, 34749.1, 5.3, 0, 0, 0, 0, 1718, 10140, 0.4, 997.1, 167
4, 128036, 11/12/2018 05:40:01, OTHER_GROUPS, 17.6, 22.2, 29977.7, 4.3, 0, 0, 0, 0, 1909, 9514, 0.3, 982.8, 191.2
4, 128037, 11/12/2018 06:00:06, OTHER_GROUPS, 5, 9.4, 11073.5, 4.2, 0, 0, 5, 40, 1563, 1833, 0.2, 255.3, 197.5
4, 128038, 11/12/2018 06:20:05, OTHER_GROUPS, 1.3, 4.9, 5516.5, 3.5, 0, 0, 0, 0, 2503, 357, 0.1, 6.2, 296.6
4, 128039, 11/12/2018 06:40:06, OTHER_GROUPS, 1.1, 7.6, 8067.5, 6.3, 0, 0, 0, 0, 783, 321, 0.2, 2.2, 191.5
4, 128040, 11/12/2018 07:00:27, OTHER_GROUPS, 1.2, 3.1, 3346.8, 1.8, 0, 0, 0, 0, 599, 332, 0.1, 7.8, 180.8
4, 128041, 11/12/2018 07:20:02, OTHER_GROUPS, 1.1, 4.6, 5176.7, 3.4, 0, 0, 0, 0, 688, 250, 0.1, 4.2, 66.7
4, 128042, 11/12/2018 07:40:07, OTHER_GROUPS, 1.1, 5.1, 5782.8, 4, 0, 0, 0, 0, 737, 333, 0, 5.8, 45.9
4, 128043, 11/12/2018 08:00:16, OTHER_GROUPS, 1.2, 6.1, 5792.4, 4.7, 0, 0, 0, 0, 586, 368, 0.2, 13.1, 216.2
4, 128044, 11/12/2018 08:20:02, OTHER_GROUPS, 1.2, 5.4, 5373.4, 4.1, 0, 0, 0, 0, 646, 221, 0.1, 11, 152.2
4, 128045, 11/12/2018 08:40:14, OTHER_GROUPS, 1.1, 5.6, 5952.2, 4.4, 0, 0, 0, 0, 696, 131, 0.1, 13, 172.6
4, 128046, 11/12/2018 09:00:15, OTHER_GROUPS, 1.1, 5.2, 5570.3, 4, 0, 0, 0, 0, 684, 289, 0.1, 9, 155.7
4, 128047, 11/12/2018 09:20:08, OTHER_GROUPS, 1.1, 5.2, 5504.6, 3.9, 0, 0, 0, 0, 741, 241, 0.2, 5.8, 103
4, 128048, 11/12/2018 09:40:25, OTHER_GROUPS, 1.2, 6, 5579.2, 4.7, 0, 0, 0, 0, 703, 365, 0.1, 6.5, 138.8
4, 128049, 11/12/2018 10:00:01, OTHER_GROUPS, 1.2, 7.5, 5872.7, 6.1, 0, 0, 0, 0, 594, 478, 0.2, 8, 142.8
4, 128050, 11/12/2018 10:20:11, OTHER_GROUPS, 1.2, 6, 5175.2, 4.7, 0, 0, 0, 0, 998, 557, 0.1, 7.2, 48.7
4, 128051, 11/12/2018 10:40:13, OTHER_GROUPS, 1.2, 5.9, 6236.7, 4.6, 0, 0, 0, 0, 966, 365, 0.1, 6.2, 46.5
4, 128052, 11/12/2018 11:00:16, OTHER_GROUPS, 1.1, 5.8, 5185.8, 4.6, 0, 0, 0, 0, 567, 473, 0.1, 6.1, 120.4
4, 128053, 11/12/2018 11:20:55, OTHER_GROUPS, 1.2, 5.9, 5571.7, 4.6, 0, 0, 0, 0, 625, 243, 0.1, 8.6, 170.5
4, 128054, 11/12/2018 11:40:28, OTHER_GROUPS, 1.1, 5.3, 5557.7, 4.1, 0, 0, 0, 0, 3532, 175, 0.1, 8.6, 226.7
4, 128055, 11/12/2018 12:00:22, OTHER_GROUPS, 1.2, 6.7, 5818.8, 5.2, 0, 0, 0, 0, 632, 512, 0.3, 9.1, 208.4
4, 128056, 11/12/2018 12:20:04, OTHER_GROUPS, 1.5, 6.3, 5657.3, 4.7, 0, 0, 0, 0, 731, 1096, 0.1, 6.1, 156.6
4, 128057, 11/12/2018 12:40:13, OTHER_GROUPS, 1.2, 5.1, 5230.6, 3.8, 0, 0, 0, 0, 616, 350, 0.1, 19, 59.5
4, 128058, 11/12/2018 13:00:18, OTHER_GROUPS, 1.2, 5.2, 5997.3, 3.9, 0, 0, 0, 0, 614, 285, 0.1, 8.8, 232.3
4, 128059, 11/12/2018 13:20:15, OTHER_GROUPS, 1.2, 5, 5552.6, 3.7, 0, 0, 0, 0, 756, 278, 0.1, 6.8, 207.6
4, 128060, 11/12/2018 13:40:09, OTHER_GROUPS, 1.2, 5.2, 5478.1, 3.9, 0, 0, 0, 0, 628, 384, 0.1, 3.2, 169.6
4, 128061, 11/12/2018 14:00:25, OTHER_GROUPS, 1.2, 5.9, 5729.7, 4.6, 0, 0, 0, 0, 576, 406, 0.1, 9.7, 99.9
4, 128062, 11/12/2018 14:20:39, OTHER_GROUPS, 1.2, 5.1, 5440.2, 3.8, 0, 0, 0, 0, 646, 443, 0.1, 5.9, 73
4, 128063, 11/12/2018 14:40:11, OTHER_GROUPS, 1.3, 4.6, 5665.7, 3.2, 0, 0, 6, 112, 713, 444, 0.1, 96.4, 41
4, 128064, 11/12/2018 15:00:20, OTHER_GROUPS, 1.4, 5.2, 6100.7, 3.7, 0, 0, 1, 16, 698, 497, 0.1, 4.2, 207.5
4, 128019, 11/12/2018 00:00:12, SANDBOX_GROUP, 8.4, 22.9, 11659.8, 9.8, 0, 0, 9, 64, 51, 1830, 4.7, 555.1, 8564.8
4, 128020, 11/12/2018 00:20:06, SANDBOX_GROUP, 8, 29.9, 11212.6, 15.7, 1, 0, 8, 120, 165, 2762, 6.2, 1677.2, 8713.4
4, 128021, 11/12/2018 00:40:13, SANDBOX_GROUP, 9.1, 29, 10468.8, 16.5, 0, 0, 26, 512, 573, 2910, 3.4, 2978.2, 4972.7
4, 128022, 11/12/2018 01:00:09, SANDBOX_GROUP, 10.7, 33.5, 11279.8, 19, 0, 0, 23, 390, 436, 3658, 3.8, 2967.6, 6978.6
4, 128023, 11/12/2018 01:20:19, SANDBOX_GROUP, 12, 26.6, 17236.6, 11.2, 0, 0, 25, 382, 422, 4363, 3.4, 2050.7, 5942
4, 128024, 11/12/2018 01:40:26, SANDBOX_GROUP, 17.5, 27.4, 12036.1, 5.1, 0, 0, 32, 662, 692, 12752, 4.8, 4336.9, 7412.7
4, 128025, 11/12/2018 02:00:01, SANDBOX_GROUP, 13.7, 27.3, 7282.9, 5.9, 0, 0, 13, 168, 252, 6057, 7.7, 2263.2, 12661.1
4, 128026, 11/12/2018 02:20:10, SANDBOX_GROUP, 12.9, 23.8, 8532.1, 4.3, 0, 0, 9, 80, 35, 4692, 6.6, 491, 10628.1
4, 128027, 11/12/2018 02:40:18, SANDBOX_GROUP, 9.9, 19.9, 10112.5, 6.1, 0, 0, 9, 48, 169, 3180, 3.9, 447.9, 9001
4, 128028, 11/12/2018 03:00:12, SANDBOX_GROUP, 19.4, 32.9, 27181.2, 7.5, 0, 0, 10, 123, 141, 29862, 6, 2307.8, 6520.2
4, 128029, 11/12/2018 03:20:37, SANDBOX_GROUP, 18.4, 45.2, 29555.6, 17.8, 1, 0, 11, 203, 572, 38885, 9, 2769.4, 5428
4, 128030, 11/12/2018 03:40:06, SANDBOX_GROUP, 12.9, 26.7, 23987.1, 6.1, 1, 0, 29, 692, 822, 4906, 7.7, 3870.1, 7069.2
4, 128031, 11/12/2018 04:00:07, SANDBOX_GROUP, 14.1, 28.4, 13688.8, 8.8, 1, 0, 31, 588, 994, 9869, 5.5, 5236.1, 9109.6
4, 128032, 11/12/2018 04:20:02, SANDBOX_GROUP, 14.7, 32.8, 11582.1, 14.1, 8, 0, 41, 918, 1153, 10509, 4, 4508.6, 5780.8
4, 128033, 11/12/2018 04:41:53, SANDBOX_GROUP, 13.9, 34.7, 8979.8, 14.8, 0, 0, 38, 833, 773, 10537, 6, 5917.6, 5915.1
4, 128034, 11/12/2018 05:00:14, SANDBOX_GROUP, 11.9, 25.4, 6458.6, 7.2, 0, 0, 37, 768, 894, 5311, 6.3, 4831.7, 8065.2
4, 128035, 11/12/2018 05:20:33, SANDBOX_GROUP, 13.3, 26.7, 6222.9, 8.2, 0, 0, 19, 404, 378, 7936, 5.2, 2235.8, 8065.3
4, 128036, 11/12/2018 05:40:01, SANDBOX_GROUP, 14.7, 27.5, 6330.6, 6.6, 0, 0, 22, 364, 809, 12731, 6.2, 1884.2, 8739.5
4, 128037, 11/12/2018 06:00:06, SANDBOX_GROUP, 19.7, 46.2, 14624.2, 20.9, 0, 0, 35, 603, 1591, 46817, 5.6, 4243, 4208.7
4, 128038, 11/12/2018 06:20:05, SANDBOX_GROUP, 20.2, 61, 19628.3, 33.4, 0, 0, 37, 619, 1208, 57575, 7.4, 3915, 4131.9
4, 128039, 11/12/2018 06:40:06, SANDBOX_GROUP, 19.9, 66, 42033.2, 40, 0, 0, 24, 570, 548, 47336, 6.1, 2739.1, 6481.5
4, 128040, 11/12/2018 07:00:27, SANDBOX_GROUP, 19.3, 24.7, 17768.3, 0.4, 1, 0, 15, 238, 292, 26297, 5, 4524.3, 6979.6
4, 128041, 11/12/2018 07:20:02, SANDBOX_GROUP, 18.3, 38.7, 18950, 14.5, 0, 0, 14, 140, 135, 18671, 5.9, 1829, 8146.4
4, 128042, 11/12/2018 07:40:07, SANDBOX_GROUP, 15.8, 35.6, 16244.9, 14.8, 0, 0, 10, 60, 54, 6853, 5, 1124.9, 7505.9
4, 128043, 11/12/2018 08:00:16, SANDBOX_GROUP, 18.7, 38.9, 21211.9, 13.8, 0, 0, 61, 680, 1000, 27330, 6.4, 5934.7, 6757.8
4, 128044, 11/12/2018 08:20:02, SANDBOX_GROUP, 15.4, 32.5, 17100.2, 13.1, 0, 0, 24, 406, 422, 10835, 4, 2295.8, 4862.6
4, 128045, 11/12/2018 08:40:14, SANDBOX_GROUP, 13.6, 32.7, 15357.6, 15.8, 0, 0, 25, 277, 489, 5262, 3.3, 2708.5, 6974.4
4, 128046, 11/12/2018 09:00:15, SANDBOX_GROUP, 18.1, 51.9, 13296.6, 29.3, 0, 0, 26, 570, 843, 30596, 4.5, 3281.4, 5254.5
4, 128047, 11/12/2018 09:20:08, SANDBOX_GROUP, 17.1, 52.6, 9814.8, 30.8, 0, 0, 41, 860, 953, 22336, 4.7, 8253.1, 7159.4
4, 128048, 11/12/2018 09:40:25, SANDBOX_GROUP, 20.3, 55.3, 15725.5, 25.7, 1, 0, 44, 865, 1030, 51481, 9.3, 4162.4, 8565.2
4, 128049, 11/12/2018 10:00:01, SANDBOX_GROUP, 19.7, 60.6, 14546, 28.1, 2, 0, 37, 822, 972, 60419, 12.8, 5024.8, 10724.6
4, 128050, 11/12/2018 10:20:11, SANDBOX_GROUP, 20.1, 55.4, 15095.4, 22.2, 2, 0, 32, 693, 928, 66291, 13.1, 4202.6, 9879.9
4, 128051, 11/12/2018 10:40:13, SANDBOX_GROUP, 20.9, 69.2, 16294.2, 35.6, 4, 0, 35, 714, 1105, 73582, 12.7, 5465.3, 8661.1
4, 128052, 11/12/2018 11:00:16, SANDBOX_GROUP, 17, 52.2, 11713.4, 25.8, 0, 0, 32, 806, 809, 43010, 9.4, 5355.8, 8073.3
4, 128053, 11/12/2018 11:20:55, SANDBOX_GROUP, 18.2, 47.6, 10888, 19.8, 1, 0, 30, 458, 521, 23554, 9.6, 3400.5, 16874.6
4, 128054, 11/12/2018 11:40:28, SANDBOX_GROUP, 13.5, 32.7, 8506.3, 14.1, 0, 0, 39, 766, 823, 6546, 5.1, 4200.4, 11287.5
4, 128055, 11/12/2018 12:00:22, SANDBOX_GROUP, 19.9, 55.2, 24460, 22, 0, 0, 33, 620, 643, 34202, 13.3, 5394.1, 12084.3
4, 128056, 11/12/2018 12:20:04, SANDBOX_GROUP, 20, 50.3, 27724.4, 22.1, 0, 0, 12, 138, 162, 54447, 8.2, 739.9, 5346.8
4, 128057, 11/12/2018 12:40:13, SANDBOX_GROUP, 19, 34.5, 25927.1, 7.8, 0, 0, 17, 256, 397, 24198, 7.7, 865.3, 9557
4, 128058, 11/12/2018 13:00:18, SANDBOX_GROUP, 17.8, 32.9, 16024.5, 9, 0, 0, 39, 826, 1091, 13137, 6.1, 5062.1, 8369.7
4, 128059, 11/12/2018 13:20:15, SANDBOX_GROUP, 15.2, 30, 14652.5, 10.1, 0, 0, 29, 546, 675, 8915, 4.7, 4433.8, 7851
4, 128060, 11/12/2018 13:40:09, SANDBOX_GROUP, 14.8, 35.7, 12794, 16, 0, 0, 17, 350, 716, 15131, 4.9, 2946.1, 7395.1
4, 128061, 11/12/2018 14:00:25, SANDBOX_GROUP, 20.1, 59.9, 18881.4, 31.4, 0, 0, 23, 396, 851, 56639, 8.4, 15025.9, 5361.4
4, 128062, 11/12/2018 14:20:39, SANDBOX_GROUP, 20.1, 52.3, 27543.9, 25.3, 0, 0, 24, 511, 501, 48740, 6.9, 7805.1, 4683.8
4, 128063, 11/12/2018 14:40:11, SANDBOX_GROUP, 19.2, 42, 22376.1, 15.9, 0, 0, 38, 683, 890, 39094, 6.9, 6181.1, 6849
4, 128064, 11/12/2018 15:00:20, SANDBOX_GROUP, 19.3, 42.2, 29636.6, 16.5, 4, 0, 47, 865, 1233, 19568, 6.4, 9341.6, 9131.3
4, 128019, 11/12/2018 00:00:12, SZB_SANDBOX_GROUP, 8.3, 11.1, 4951.6, 2.5, 0, 0, 2, 0, 548, 1465, 0.3, 1773.1, 994.4
4, 128020, 11/12/2018 00:20:06, SZB_SANDBOX_GROUP, 5.2, 7, 2613.8, 0.8, 0, 0, 14, 556, 1395, 1532, 1, 236.2, 1001.4
4, 128021, 11/12/2018 00:40:13, SZB_SANDBOX_GROUP, 3.1, 4.3, 2563.4, 1.1, 0, 0, 17, 1088, 1409, 479, 0.1, 35.2, 196.4
4, 128022, 11/12/2018 01:00:09, SZB_SANDBOX_GROUP, 3.9, 4.3, 983, 0.2, 0, 0, 21, 1344, 2017, 694, 0.2, 1819.7, 239.3
4, 128023, 11/12/2018 01:20:19, SZB_SANDBOX_GROUP, 2.4, 3.1, 855.6, 0.5, 0, 0, 14, 896, 1206, 546, 0.2, 56.6, 361.2
4, 128024, 11/12/2018 01:40:26, SZB_SANDBOX_GROUP, 2.5, 2.8, 755.3, 0.2, 0, 0, 5, 137, 210, 479, 0.1, 108.9, 227.7
4, 128025, 11/12/2018 02:00:01, SZB_SANDBOX_GROUP, 16.4, 22.9, 10709.6, 3.6, 0, 0, 22, 768, 3004, 6714, 2.9, 2014.4, 4550.4
4, 128026, 11/12/2018 02:20:10, SZB_SANDBOX_GROUP, 17.8, 19.1, 3909.2, 0, 0, 0, 27, 1578, 2621, 7409, 1.3, 342.8, 1670.4
4, 128027, 11/12/2018 02:40:18, SZB_SANDBOX_GROUP, 2.7, 3.2, 455.1, 0.2, 1, 0, 14, 672, 978, 318, 0.3, 222.3, 762.3
4, 128028, 11/12/2018 03:00:12, SZB_SANDBOX_GROUP, 20.2, 22.8, 5553, 1.6, 0, 0, 2, 128, 4392, 16804, 1, 10407, 1053.9
4, 128029, 11/12/2018 03:20:37, SZB_SANDBOX_GROUP, 7.5, 15.7, 6900.4, 7.7, 0, 0, 0, 0, 1124, 1851, 0.5, 9645.7, 499.1
4, 128030, 11/12/2018 03:40:06, SZB_SANDBOX_GROUP, 13, 20.1, 10548.1, 5.7, 0, 0, 0, 0, 2092, 4087, 1.4, 11794.8, 817
4, 128031, 11/12/2018 04:00:07, SZB_SANDBOX_GROUP, 13.6, 25.4, 4885.4, 8.6, 0, 0, 2, 106, 2311, 8308, 3.2, 4486.7, 3184.9
4, 128032, 11/12/2018 04:20:02, SZB_SANDBOX_GROUP, 6.4, 18.2, 1081.4, 11.3, 0, 0, 3, 192, 2034, 3384, 0.5, 347.5, 829.3
4, 128033, 11/12/2018 04:41:53, SZB_SANDBOX_GROUP, 2.7, 4.6, 735.2, 1.4, 0, 0, 1, 64, 750, 675, 0.5, 106.6, 572.7
4, 128034, 11/12/2018 05:00:14, SZB_SANDBOX_GROUP, 11.1, 12.8, 1537.3, 0.6, 0, 0, 6, 320, 2789, 3958, 1.1, 2195.9, 1231.2
4, 128035, 11/12/2018 05:20:33, SZB_SANDBOX_GROUP, 7.7, 11.7, 4962.8, 3.2, 0, 0, 7, 384, 1895, 2720, 0.8, 470.9, 1381.7
4, 128036, 11/12/2018 05:40:01, SZB_SANDBOX_GROUP, 4.7, 5.5, 1475.6, 0.2, 0, 0, 14, 652, 1331, 1058, 0.6, 107.9, 881.7
4, 128037, 11/12/2018 06:00:06, SZB_SANDBOX_GROUP, 11.1, 12.2, 3124.2, 0.6, 0, 0, 6, 384, 1694, 1878, 0.5, 1836.8, 874.5
4, 128038, 11/12/2018 06:20:05, SZB_SANDBOX_GROUP, 11, 11.2, 8228.9, 0, 0, 0, 4, 256, 1060, 3424, 0.2, 421.4, 589.8
4, 128039, 11/12/2018 06:40:06, SZB_SANDBOX_GROUP, 11.5, 29.9, 11487.9, 16.3, 0, 0, 0, 0, 979, 6739, 2.1, 580, 4327
4, 128040, 11/12/2018 07:00:27, SZB_SANDBOX_GROUP, 12.5, 13.7, 3714.5, 0, 0, 0, 1, 64, 551, 1758, 1.2, 1869, 2209.2
4, 128041, 11/12/2018 07:20:02, SZB_SANDBOX_GROUP, 5.7, 12, 16447.9, 5.2, 0, 0, 0, 0, 2266, 1769, 1.1, 129.8, 1979.7
4, 128042, 11/12/2018 07:40:07, SZB_SANDBOX_GROUP, 10.4, 17.9, 13029.4, 6.6, 0, 0, 0, 0, 742, 3790, 0.9, 313, 2231.1
4, 128043, 11/12/2018 08:00:16, SZB_SANDBOX_GROUP, 15.2, 19.5, 11417.6, 3.5, 0, 0, 7, 358, 1635, 8561, 0.8, 2046.8, 863.5
4, 128044, 11/12/2018 08:20:02, SZB_SANDBOX_GROUP, 11.5, 17.6, 9437.2, 4.8, 0, 0, 4, 256, 278, 2750, 1.3, 588.1, 1233.5
4, 128045, 11/12/2018 08:40:14, SZB_SANDBOX_GROUP, 7.1, 24.3, 32016.7, 14.7, 0, 0, 2, 128, 1814, 2079, 2.5, 198.8, 4752.9
4, 128046, 11/12/2018 09:00:15, SZB_SANDBOX_GROUP, 15.1, 20.4, 27685.9, 4.3, 0, 0, 10, 486, 2581, 6019, 1, 4541.5, 1307.2
4, 128047, 11/12/2018 09:20:08, SZB_SANDBOX_GROUP, 11.8, 18.8, 24694.8, 6.3, 0, 0, 13, 616, 899, 4299, 0.7, 4507, 1846.1
4, 128048, 11/12/2018 09:40:25, SZB_SANDBOX_GROUP, 16.5, 43.4, 35035.6, 23.6, 0, 0, 42, 1462, 4487, 9201, 3.3, 1344.5, 8566.4
4, 128049, 11/12/2018 10:00:01, SZB_SANDBOX_GROUP, 18.7, 46.2, 46664.2, 22, 0, 0, 59, 2016, 4854, 11249, 5.5, 4686.3, 11492.9
4, 128050, 11/12/2018 10:20:11, SZB_SANDBOX_GROUP, 31.5, 40.7, 22496.6, 7.4, 1, 0, 59, 2194, 5568, 18393, 1.8, 3695.3, 3324.1
4, 128051, 11/12/2018 10:40:13, SZB_SANDBOX_GROUP, 29.5, 41.4, 15853.6, 10, 0, 0, 57, 1946, 6901, 15048, 1.9, 6228.6, 4788
4, 128052, 11/12/2018 11:00:16, SZB_SANDBOX_GROUP, 33.7, 44.1, 26975.5, 8.3, 0, 0, 35, 1119, 5602, 27661, 2.1, 5152.8, 3060.8
4, 128053, 11/12/2018 11:20:55, SZB_SANDBOX_GROUP, 12.9, 16.9, 9988.8, 2.9, 0, 0, 31, 1060, 22520, 4618, 1.1, 688.6, 2755.4
4, 128054, 11/12/2018 11:40:28, SZB_SANDBOX_GROUP, 8.6, 14.7, 3170, 4.8, 0, 0, 8, 234, 328, 2339, 1.3, 2732.8, 5422.7
4, 128055, 11/12/2018 12:00:22, SZB_SANDBOX_GROUP, 21, 28.3, 7262.8, 5.3, 0, 0, 8, 208, 949, 8599, 2, 6091.6, 4031.8
4, 128056, 11/12/2018 12:20:04, SZB_SANDBOX_GROUP, 42.9, 58.9, 39576.2, 12.5, 0, 0, 2, 23, 1007, 39192, 3.5, 5159.4, 3542.6
4, 128057, 11/12/2018 12:40:13, SZB_SANDBOX_GROUP, 26.1, 30.2, 25300.5, 2.2, 0, 0, 7, 183, 934, 9942, 1.9, 2394.7, 4046.6
4, 128058, 11/12/2018 13:00:18, SZB_SANDBOX_GROUP, 27.5, 35.7, 19770.6, 5.3, 0, 0, 8, 272, 1011, 10605, 2.9, 2878.5, 5225
4, 128059, 11/12/2018 13:20:15, SZB_SANDBOX_GROUP, 20.4, 28.3, 14824.2, 6.5, 0, 0, 4, 136, 241, 7112, 1.4, 1211.1, 3421.9
4, 128060, 11/12/2018 13:40:09, SZB_SANDBOX_GROUP, 19, 31.2, 15670.8, 9.6, 0, 0, 23, 632, 1022, 9918, 2.6, 1237.8, 2971.5
4, 128061, 11/12/2018 14:00:25, SZB_SANDBOX_GROUP, 15.6, 25.5, 14060.7, 7.5, 0, 0, 23, 576, 943, 6317, 2.4, 4618.4, 2773.1
4, 128062, 11/12/2018 14:20:39, SZB_SANDBOX_GROUP, 26.3, 40, 15624.8, 11.5, 0, 0, 28, 1020, 1310, 13766, 2.2, 1601.4, 3705
4, 128063, 11/12/2018 14:40:11, SZB_SANDBOX_GROUP, 20.5, 26.4, 33738.3, 4.5, 0, 0, 54, 1400, 8742, 8915, 1.4, 488.1, 1909.1
4, 128064, 11/12/2018 15:00:20, SZB_SANDBOX_GROUP, 26, 31.7, 17899.3, 4.6, 0, 0, 54, 2048, 2651, 9719, 1.1, 2072.2, 1735.9
