HOST, TIME, SYS_CPU, SYS_DBTIME, SYS_SYSPCT, SYS_READ, SYS_WRITE, SYS_REDO, SYS_OSWAIT, SYS_RMWAIT, SYS_ACTSESS_MAX, SYS_ACTSESS_AVG, SYS_PGA, SYS_PXRUNS, SYS_PXQCT, SYS_PXSRVT, SYS_UCALLS, SYS_IOWAIT
1, 14/01/2019 23:59:25, 31, 52.3, 10.4, 366.8, 186.9, 46.5, 0.8, 0, 192.7, 133.9, 17119.8, 66.7, 5.3, 167.2, 112, 11.1
1, 15/01/2019 00:19:25, 31.9, 63.3, 9.3, 6560.9, 200.1, 47, 0.8, 13.7, 222.8, 162.1, 20572.9, 65.6, 11.7, 219.6, 117.5, 17
1, 15/01/2019 00:40:25, 39.6, 63, 10.9, 2441.6, 199.3, 39.5, 0.9, 18.6, 245.3, 161.2, 13541.4, 115.8, 18.8, 273.1, 113.9, 6.6
1, 15/01/2019 00:59:24, 55.4, 105.4, 14, 4864.2, 218.5, 35.2, 1.4, 14.8, 390.6, 269.9, 20275, 805, 27.2, 428.6, 98, 10.6
1, 15/01/2019 01:19:25, 45.6, 79.9, 11.9, 4127.5, 202.3, 35.5, 0.9, 4.3, 307.3, 204.5, 15042.6, 436.3, 21.6, 284.1, 90.9, 10.8
1, 15/01/2019 01:40:25, 37.9, 57.9, 10.2, 1183.8, 178.7, 35.2, 0.8, 13.2, 189.2, 148.2, 15595, 421.5, 17.8, 226.2, 103.9, 4.2
1, 15/01/2019 01:59:24, 44, 65.1, 11.1, 7726.4, 231.5, 47.1, 0.8, 11.7, 199.6, 166.7, 13291.1, 471.1, 17.6, 236.4, 113.4, 5.3
1, 15/01/2019 02:19:24, 57.4, 78.8, 12.8, 7528.9, 189.8, 35.7, 1.7, 7.6, 381.1, 201.8, 38132.1, 577.8, 19.6, 315.5, 84.7, 4.9
1, 15/01/2019 02:39:24, 75.6, 93.6, 15.2, 5656.9, 149.8, 23.4, 2.6, 10, 343.3, 239.7, 30741.3, 670.3, 22.9, 402.5, 71.6, 5.9
1, 15/01/2019 03:00:25, 61.2, 87.1, 12.1, 4144.7, 214.1, 20.9, 2.3, 15.3, 330.7, 223, 40622.7, 421.7, 19.7, 360.2, 47.6, 7.8
1, 15/01/2019 03:19:24, 43.9, 53, 11.6, 2158.9, 236.3, 33.4, 0.9, 0.4, 214.2, 135.7, 22921.5, 73.1, 13.7, 191.2, 57.9, 6.9
1, 15/01/2019 03:40:24, 29.7, 49, 8.7, 1821.3, 169, 25.4, 0.7, 0.1, 233.3, 125.5, 14032.4, 166.3, 11.9, 194.7, 57.7, 14.5
1, 15/01/2019 03:59:24, 18, 73.9, 5.7, 740.2, 107.2, 20.9, 0.5, 0, 321.4, 189.2, 17119.3, 81, 11.4, 192.9, 48, 40.4
1, 15/01/2019 04:19:24, 43.9, 53.4, 12.4, 455.5, 509, 37.2, 0.9, 0, 201.5, 136.7, 50358.5, 38.1, 6.6, 110.1, 90.2, 12.5
1, 15/01/2019 04:39:23, 44.2, 57.7, 11.4, 252.2, 587.1, 39.4, 0.9, 0, 230.6, 147.6, 49427.3, 32.9, 5.3, 97.2, 72.8, 8.7
1, 15/01/2019 04:59:24, 42, 64.9, 11, 1553.7, 529.3, 31, 0.8, 0.1, 237.5, 166.1, 54411.7, 156.7, 5.9, 122.4, 64.9, 10.6
1, 15/01/2019 05:19:23, 34.5, 55.9, 10.4, 600.1, 225.3, 31.5, 0.8, 0, 242.8, 143.1, 49427.8, 54, 4.3, 88.3, 69.6, 8.5
1, 15/01/2019 05:39:24, 18.9, 49.9, 6.8, 122.4, 103.8, 20.9, 0.6, 0, 325, 127.6, 10796.4, 55.2, 3, 49, 57.6, 6.6
1, 15/01/2019 05:59:24, 39, 63.1, 11.5, 779.1, 230.5, 38.9, 0.9, 0, 228, 161.4, 22506.1, 24, 4.6, 118.4, 82, 9.9
1, 15/01/2019 06:19:23, 40, 87.5, 10.9, 1403.2, 229.3, 38.6, 0.9, 0.3, 364.9, 224, 16260.1, 114.3, 6.4, 157.2, 74.9, 7.1
1, 15/01/2019 06:40:23, 40.9, 74.4, 12.7, 369.7, 269.2, 48.5, 1, 0, 306.3, 190.5, 15044.2, 27.9, 4.2, 86.8, 95.5, 8.5
1, 15/01/2019 07:00:24, 35.5, 72.5, 11, 232.3, 255.8, 47.1, 0.9, 0, 309.7, 185.7, 10830.2, 40, 3.4, 59.4, 108.1, 16.9
1, 15/01/2019 07:19:24, 40.1, 79.4, 13, 142.9, 284.8, 52.2, 1.1, 0, 281.6, 203.4, 10842.4, 17.2, 3, 49.2, 119.9, 12.6
1, 15/01/2019 07:40:22, 41, 77.7, 13, 126, 289.1, 54.7, 1, 0, 270.1, 198.9, 10844, 17.9, 3, 49.2, 137.2, 15.2
1, 15/01/2019 07:59:23, 47.9, 93.2, 14.6, 1771.8, 334.3, 54.4, 1.1, 0.1, 333.7, 238.7, 12151.7, 118, 6.2, 120.8, 126, 14.8
1, 15/01/2019 08:20:23, 47.4, 83.9, 14.9, 15068.5, 328.6, 59.6, 1.2, 0, 292.5, 214.8, 10824.3, 97.9, 4.6, 94.1, 130.1, 14.9
1, 15/01/2019 08:39:23, 52.3, 72.6, 16.9, 3276.4, 341.8, 64.8, 1.3, 0, 293.1, 185.8, 10660.4, 40.9, 2.8, 36, 146.3, 17.1
1, 15/01/2019 09:00:22, 42.1, 79.4, 13.4, 420.6, 307.4, 59, 1.1, 0, 296.6, 203.2, 10672, 32.6, 3.5, 44.7, 124.8, 16.9
1, 15/01/2019 09:19:23, 47.7, 72.8, 15.3, 146.9, 350.3, 67.5, 1.2, 0, 286.7, 186.3, 10742.7, 54, 3.2, 37.4, 144.4, 17.9
1, 15/01/2019 09:39:23, 52, 81.8, 15.8, 1900.1, 355.8, 67.5, 1.2, 0, 288, 209.4, 15270.7, 143.8, 5, 91.8, 144.6, 20.4
1, 15/01/2019 09:59:22, 39.7, 109.3, 12.1, 840.1, 298.3, 54.3, 1, 0, 333.8, 279.9, 17087.7, 51, 6, 113.4, 122.9, 19.7
1, 15/01/2019 10:19:22, 59.3, 84.7, 17.1, 17212.7, 380.2, 68, 1.3, 0.6, 322.6, 216.9, 16068.8, 37.1, 5.2, 91.3, 160.7, 11.2
1, 15/01/2019 10:39:22, 61.5, 78.9, 17.4, 235.4, 420.4, 91.1, 1.4, 0, 283.9, 202, 10687.5, 54.1, 3.7, 50.2, 180.5, 9.1
2, 14/01/2019 23:59:46, 79.6, 111.8, 20.9, 1964.9, 488.2, 31.1, 8.6, 16.8, 388.7, 286.2, 60489.4, 268.6, 15.6, 319.7, 104, 15.9
2, 15/01/2019 00:19:46, 81.4, 143.3, 22.9, 7617.9, 363.9, 44.7, 14.3, 26.3, 494.4, 366.9, 59572.4, 231.8, 21.1, 371.7, 129.1, 32.9
2, 15/01/2019 00:39:46, 86.8, 165.4, 23.9, 11269.4, 408.1, 46.6, 19.9, 52, 483.1, 423.5, 60823.5, 232.4, 30.7, 459.7, 125.5, 12.6
2, 15/01/2019 00:59:46, 80.7, 155.2, 22.7, 4066.9, 433.4, 38.1, 11.1, 27.6, 487.7, 397.3, 73957.6, 223.8, 26, 433.3, 98.3, 13.5
2, 15/01/2019 01:19:47, 82.7, 146.5, 21.6, 35023.6, 377.7, 24.2, 24.9, 27.4, 472.1, 375, 70712, 234.9, 24.5, 469.7, 93.3, 8.8
2, 15/01/2019 01:39:46, 95.8, 166.7, 22.4, 52637.8, 290.1, 20.6, 34.1, 29.9, 476.4, 426.7, 73274.8, 318.3, 28.6, 621, 86, 10.3
2, 15/01/2019 01:59:46, 96.4, 147, 22.3, 42628.6, 268, 25.5, 20.8, 8.6, 465.1, 376.4, 54196.1, 286.9, 22.9, 476, 119.2, 12.4
2, 15/01/2019 02:19:46, 89.2, 121.6, 22.1, 10447, 153.2, 26.5, 11.1, 4.3, 389.2, 311.3, 52467.9, 279.8, 18.5, 318.2, 126.1, 8.5
2, 15/01/2019 02:39:46, 74.7, 96.7, 21, 13343.5, 176.1, 28.9, 4.4, 2, 331.2, 247.5, 30949.4, 309.1, 16, 248.3, 166.7, 8.6
2, 15/01/2019 02:59:46, 62.9, 91.5, 18.4, 2064, 165, 27.4, 4.3, 9.2, 271.5, 234.1, 32431.9, 213, 13.2, 231.7, 151.6, 8.6
2, 15/01/2019 03:19:46, 70.4, 87.6, 20.7, 1792.9, 180.8, 32.3, 5, 10, 287.7, 224.4, 31488.2, 175.7, 11.9, 220.1, 192.2, 6.7
2, 15/01/2019 03:39:46, 61.6, 69.9, 17.7, 1497.1, 183.3, 27.1, 3.8, 5.2, 207.8, 179, 40462.6, 202, 10.8, 223.7, 149.3, 11.1
2, 15/01/2019 03:59:46, 49.3, 87.8, 14.3, 965.2, 132, 20.6, 4.2, 2.5, 331.5, 224.7, 34902.6, 196.2, 11.4, 247.6, 103.2, 29.3
2, 15/01/2019 04:19:45, 63.7, 58, 22.1, 1350.3, 282.4, 20, 8.1, 2.6, 177.3, 148.4, 56845.4, 168.9, 8.8, 164.9, 87.3, 9.6
2, 15/01/2019 04:39:46, 57.8, 54.7, 16.9, 1680.1, 337.9, 22.5, 4.2, 0.8, 203, 140.1, 49844.9, 229, 6.6, 123.1, 99.3, 5.3
2, 15/01/2019 04:59:45, 62.9, 73.8, 16.4, 4836, 332.8, 20, 3.3, 2.7, 279.9, 188.9, 54078.1, 199.7, 10.9, 239.3, 74.6, 8.8
2, 15/01/2019 05:19:46, 55.8, 52.4, 16, 305.1, 303.8, 21.6, 2.9, 0, 207.5, 134.2, 50828.1, 165.4, 6.8, 135.7, 98.8, 5.7
2, 15/01/2019 05:39:46, 49.1, 60.8, 14.7, 387.3, 136.4, 20.4, 2.8, 0, 272.9, 155.6, 23638.1, 221.4, 6.8, 117.1, 82.6, 5.1
2, 15/01/2019 05:59:45, 83.3, 110.3, 20.2, 2581, 435.3, 19.9, 7.7, 6.5, 325, 282.4, 101434.7, 232.6, 14.8, 342, 63.1, 9.1
2, 15/01/2019 06:19:45, 82.4, 111.2, 17.6, 1782, 277.3, 17.5, 6.4, 8.2, 399.2, 284.7, 99498.6, 201.3, 16.7, 399.1, 54.7, 6.6
2, 15/01/2019 06:39:45, 81.4, 108.7, 18.2, 769.4, 172.8, 19.7, 4.1, 3.5, 394.9, 278.3, 79495.8, 220.5, 13, 308.8, 61.5, 7.5
2, 15/01/2019 06:59:45, 83.9, 124.9, 18.4, 7254, 245.8, 23.5, 7.1, 3.9, 419.8, 319.7, 83709.4, 194.4, 12.8, 329.8, 61.1, 15.9
2, 15/01/2019 07:19:45, 88.8, 121.8, 18.8, 693.8, 407.3, 27.4, 9.3, 3.4, 511.4, 311.8, 86000.7, 200.4, 12.9, 335.5, 73.4, 6
2, 15/01/2019 07:39:44, 87.7, 126.9, 17.9, 571.4, 342, 27.7, 5, 2.9, 772.4, 325, 73918, 229.7, 12.3, 313.8, 76.1, 6
2, 15/01/2019 07:59:44, 84.2, 131.5, 20.5, 17832.8, 327.2, 39.1, 7.8, 1, 432.5, 336.5, 59846.2, 214.7, 15.4, 357.1, 101.3, 9.3
2, 15/01/2019 08:19:45, 77.4, 116.6, 22.1, 1097.8, 358.9, 49, 5.7, 0.2, 414.9, 298.5, 64966, 167.5, 14.2, 354.2, 117.1, 10.6
2, 15/01/2019 08:39:45, 78.6, 101.3, 23.5, 593.4, 333.3, 60.3, 5, 0, 370.6, 259.4, 41922.1, 197, 9.9, 250.7, 142, 11.3
2, 15/01/2019 08:59:45, 77.5, 116.5, 21.4, 6469, 334.7, 56.2, 5.1, 0.1, 407.3, 298.3, 40474.6, 209.4, 9.5, 258.3, 139.4, 10.4
2, 15/01/2019 09:19:44, 86, 111.7, 23.9, 17130.8, 320.7, 62.3, 7.9, 0, 364, 285.9, 38256.2, 177.3, 8.4, 246.9, 154.2, 11.8
2, 15/01/2019 09:39:44, 76.2, 109.3, 22.9, 849.5, 418.8, 64.5, 5.2, 0.2, 355.3, 279.7, 46579.9, 218.8, 9.1, 255.3, 153.4, 12
2, 15/01/2019 09:59:44, 60.5, 133.8, 19.8, 1286.1, 310.5, 54.5, 4.6, 0, 407.3, 342.6, 33100.3, 252.2, 8.8, 205.1, 129, 12.4
2, 15/01/2019 10:19:44, 67.9, 112.6, 22.4, 1430.4, 323.4, 67.3, 5.5, 0, 345.6, 288.1, 41455, 235.2, 7.2, 179.8, 159.6, 13.2
2, 15/01/2019 10:39:45, 68.1, 103, 21.2, 445.1, 336, 67.4, 3.5, 0, 344.9, 263.6, 34334.9, 217.1, 7, 181.3, 154.9, 10
3, 14/01/2019 23:59:22, 39.5, 56.3, 9.1, 24132.8, 349, 2.7, 0.6, 6, 244, 144.1, 50950, 590.2, 24.2, 326.8, 10.1, 11.6
3, 15/01/2019 00:19:22, 49.2, 89.6, 10.3, 20608.8, 138.1, 1.3, 0.6, 9.1, 306.5, 229.4, 71066.7, 916.3, 45.5, 429.5, 10.1, 31.1
3, 15/01/2019 00:40:22, 52.8, 73.6, 10.9, 7611.4, 159.3, 0.8, 0.7, 14.4, 260.5, 188.4, 72336.2, 866.8, 39.2, 500.6, 9.7, 6.2
3, 15/01/2019 00:59:21, 39.7, 77.3, 8.8, 22356.7, 151.9, 3.3, 0.5, 21.6, 244, 197.9, 74163.3, 477, 38.6, 511.2, 6.8, 6.4
3, 15/01/2019 01:19:22, 35.3, 70.3, 8.9, 2003.5, 150.1, 0.8, 0.6, 13.3, 248.3, 180.1, 63699.9, 386.9, 39.7, 472.7, 4.9, 7.8
3, 15/01/2019 01:40:22, 31.8, 63.3, 9, 6612.5, 143.4, 1.1, 0.6, 7, 195.7, 162.1, 64213, 363.1, 35.2, 405.3, 11.3, 7
3, 15/01/2019 01:59:22, 34.3, 87, 8.7, 23053.2, 152.8, 2.2, 0.6, 26, 356.5, 222.6, 84820.6, 433.1, 34.2, 470.1, 6.2, 6.9
3, 15/01/2019 02:19:22, 28.1, 67.9, 8.1, 6279.9, 216.2, 2.4, 0.6, 17.1, 238.5, 173.7, 72924.8, 390.6, 31.4, 449.5, 3.8, 6.1
3, 15/01/2019 02:39:22, 26, 60.9, 7.5, 6270, 128, 0.7, 0.5, 18.9, 212.5, 156, 59560.8, 329.7, 30, 375.1, 4.3, 5.9
3, 15/01/2019 03:00:21, 34.5, 68.6, 9.1, 20508.1, 155.7, 5, 0.6, 19.8, 251.7, 175.7, 55347.7, 442.7, 33.2, 452.1, 4.7, 7.5
3, 15/01/2019 03:19:21, 28.7, 51.9, 8.1, 5197.5, 195.6, 0.8, 0.5, 18.7, 174, 132.9, 41056.4, 297.5, 27.1, 345.7, 5.6, 5.9
3, 15/01/2019 03:40:21, 35.1, 67, 8.7, 53703.1, 71.6, 3.4, 0.7, 15.9, 357.8, 171.5, 49133.2, 483.3, 27.4, 417.2, 4.3, 20.6
3, 15/01/2019 03:59:21, 37.4, 129.4, 9.2, 93387.5, 61.8, 9.7, 0.6, 14.9, 410.8, 331.3, 46669, 467.9, 40.3, 720.4, 2.5, 64.5
3, 15/01/2019 04:19:21, 49.8, 84.7, 10.8, 22402.9, 259.6, 5.2, 0.8, 23.1, 443.5, 216.9, 65706.8, 552.2, 35.7, 552.9, 3.6, 10.6
3, 15/01/2019 04:39:21, 64.3, 75.6, 11.3, 7560.6, 283.7, 3.1, 0.7, 12.3, 248.9, 193.6, 63360.3, 513.1, 35.3, 452.5, 3.3, 5.8
3, 15/01/2019 04:59:21, 52.1, 68.1, 10.9, 14355.3, 321, 2.2, 0.8, 7.1, 218.2, 174.3, 64218.6, 407.2, 30.4, 495.3, 3, 8.9
3, 15/01/2019 05:19:21, 47.4, 59.1, 10.5, 2121.4, 276.4, 1.5, 0.7, 7.4, 177.9, 151.2, 60030.9, 323.2, 29.3, 476.1, 4, 7.7
3, 15/01/2019 05:39:21, 36.4, 46.8, 8.5, 1354.9, 106, 2.9, 0.6, 3.7, 160.3, 119.7, 48426.6, 323.7, 26.3, 360.3, 7.4, 6.3
3, 15/01/2019 05:59:21, 35.5, 59.3, 8.8, 14932.6, 106.9, 3.6, 0.6, 13.2, 194, 151.7, 90724.7, 394.3, 33.4, 544.6, 9.5, 7.5
3, 15/01/2019 06:19:20, 53.4, 71.8, 10.5, 2903.4, 324.2, 6.2, 0.7, 5.8, 240.3, 183.9, 74341.7, 362.1, 28.8, 601.9, 5.6, 6.6
3, 15/01/2019 06:40:20, 73.6, 93.3, 13, 3722.4, 169, 6.5, 0.9, 13.8, 288.5, 238.9, 59839.1, 273.8, 28.6, 606.5, 5, 4.9
3, 15/01/2019 07:00:20, 70.9, 137.5, 15.1, 32943.5, 215.5, 4.5, 18.8, 42.3, 424, 352.1, 110832.4, 275.5, 32.7, 1020.8, 3.2, 16.6
3, 15/01/2019 07:19:26, 80.9, 128.4, 17, 2460.2, 454.1, 7.7, 13.5, 23.9, 394.1, 328.6, 85703.5, 324.3, 37.9, 975.6, 4.7, 12.4
3, 15/01/2019 07:40:25, 79.8, 102.8, 16.6, 3161.3, 204.6, 6, 2.3, 6.1, 302.2, 263.2, 72863.5, 288.4, 33.2, 813.1, 5.9, 11.6
3, 15/01/2019 07:59:20, 81.7, 103, 15.5, 21508.1, 278.6, 4.2, 2.5, 9.8, 297.6, 263.7, 68419.2, 420.2, 35.6, 787.8, 3.7, 9.9
3, 15/01/2019 08:20:20, 78.3, 89.2, 14.7, 4438.4, 457.5, 4.3, 0.9, 2, 261.2, 228.4, 63414.2, 374.1, 31.6, 712, 4.5, 7.1
3, 15/01/2019 08:39:20, 78.5, 97.3, 14.6, 3259.3, 312.2, 13.9, 1.6, 12, 308.2, 249, 78680.7, 423, 30, 662.3, 3.6, 9.6
3, 15/01/2019 09:00:20, 78.6, 130.9, 14.8, 16009.4, 372.4, 17.8, 14.9, 30.8, 418.6, 335.1, 78009, 343.3, 35.2, 852.4, 3.2, 12.2
3, 15/01/2019 09:19:19, 76.5, 108.8, 13.9, 3796.4, 299.4, 37.7, 1.4, 30.7, 340.4, 278.6, 57738.4, 392.5, 35.6, 695.8, 3.1, 7.6
3, 15/01/2019 09:39:25, 69.3, 114.1, 12.3, 3265.9, 372.2, 43.7, 1.1, 40, 337.1, 292, 53286.3, 311, 37, 672.8, 3.1, 6.1
3, 15/01/2019 09:59:25, 75.5, 142.6, 12.9, 15018.4, 303.1, 26, 4.4, 43.3, 489.6, 365, 46350.8, 468.4, 43.3, 825.2, 3.3, 6.2
3, 15/01/2019 10:19:25, 54.9, 105.2, 10.7, 3594.2, 182.4, 39.9, 1.7, 33.3, 396.7, 269.3, 41687.7, 372.7, 36.3, 591.2, 3.8, 7.3
3, 15/01/2019 10:39:25, 33.2, 87.3, 8.5, 2779.3, 237.6, 49.9, 0.6, 38.6, 283.5, 223.6, 36197.7, 535.6, 40.1, 600.4, 4.8, 8.4
4, 14/01/2019 23:59:24, 26.5, 35.6, 6.2, 19470.8, 34.2, 2.2, 0.4, 0, 160.6, 91.1, 28430.1, 225.3, 23.9, 375.9, 3, 10.9
4, 15/01/2019 00:19:24, 39.4, 61.9, 9, 21475.5, 88.1, 1.9, 0.6, 0, 270.5, 158.5, 42383.2, 451.6, 38, 448.5, 6.2, 24.1
4, 15/01/2019 00:40:24, 50.6, 54.3, 10.5, 3427.7, 137.7, 3, 0.7, 0, 181.4, 139, 54241.4, 341.8, 33.6, 465.1, 8.8, 7.4
4, 15/01/2019 00:59:24, 41.9, 56.8, 8.7, 15053.6, 133.8, 1.3, 0.6, 0.3, 230.6, 145.4, 58008.9, 274.6, 33.3, 450.9, 9.2, 7.8
4, 15/01/2019 01:19:24, 55.2, 65.8, 11.2, 5839, 288.4, 0.8, 0.9, 0.5, 259.1, 168.5, 65643.7, 235.7, 31.6, 483.3, 8.2, 8.4
4, 15/01/2019 01:40:24, 36.7, 49.1, 8.1, 7701.2, 174.6, 0.7, 0.6, 2.1, 174.9, 125.8, 48164.8, 155.3, 28.5, 417.9, 10, 6.6
4, 15/01/2019 01:59:23, 40.2, 57.1, 9, 14566, 225.7, 3.1, 0.6, 3.3, 228.5, 146.2, 63194.4, 163.6, 30.8, 534.6, 7.6, 8.1
4, 15/01/2019 02:19:23, 49, 61.1, 9.8, 1062.1, 310.2, 1.9, 0.6, 2.3, 240.5, 156.4, 42184.7, 122.4, 28.3, 541.3, 8.2, 6.1
4, 15/01/2019 02:39:23, 27.9, 33.8, 6.6, 3105.1, 117.5, 1.1, 0.5, 0.1, 125.1, 86.5, 37654.8, 158.9, 22.2, 340.8, 9.6, 5.9
4, 15/01/2019 03:00:23, 44.2, 57.3, 9.7, 21309, 274.9, 5.6, 0.6, 10.2, 217.4, 146.7, 86915.3, 196.9, 26.3, 386, 9.2, 7
4, 15/01/2019 03:19:24, 40.1, 51.6, 9.4, 1391.9, 314.2, 7.4, 0.6, 12.4, 183.6, 132.1, 45521.9, 239.4, 22.3, 301.4, 9.5, 7.9
4, 15/01/2019 03:40:23, 40.5, 85.4, 8.3, 22769.5, 124.8, 8.8, 1.2, 15.2, 1006.7, 218.7, 65025.1, 329.6, 25.5, 363.1, 9.4, 18.2
4, 15/01/2019 03:59:23, 53.2, 137, 11, 109434.8, 129.7, 12.6, 0.7, 8.7, 488.7, 350.8, 107260.3, 3450.3, 39, 745.5, 4.5, 64
4, 15/01/2019 04:19:23, 69.2, 75.2, 15, 23342.1, 589.5, 14.5, 1.5, 1.8, 319.3, 192.5, 131223.8, 4104.5, 30.4, 742.9, 4.9, 14.4
4, 15/01/2019 04:39:23, 50.9, 53.6, 10.1, 7432, 481.1, 5.5, 0.7, 0.6, 240.9, 137.1, 60851.1, 5057.8, 21.6, 498.7, 4.1, 8.5
4, 15/01/2019 04:59:23, 48.4, 50.8, 9.3, 39673.9, 387.8, 4.2, 0.6, 2.9, 208, 130.1, 60761.6, 4615.5, 24.1, 495.8, 4.6, 11.4
4, 15/01/2019 05:19:23, 36.1, 35, 7.9, 6031.1, 375.8, 4.8, 0.5, 0.6, 140.8, 89.6, 69217.6, 1304.7, 17.7, 395.6, 6.5, 6.3
4, 15/01/2019 05:39:23, 29.5, 29.4, 6.4, 6050.8, 147.2, 3.6, 0.4, 0, 111.5, 75.2, 18527.1, 7010.9, 16.2, 318, 7.4, 4.7
4, 15/01/2019 05:59:23, 41.3, 47.2, 9.6, 24694, 357.1, 11.8, 0.6, 0.1, 177, 120.9, 70833.1, 292.1, 23.6, 529.6, 8.3, 8.7
4, 15/01/2019 06:19:23, 47.9, 60.9, 10, 7363.2, 170.8, 13.1, 0.7, 1.9, 217, 156, 50759.3, 290.5, 23.7, 584, 4.5, 7.8
4, 15/01/2019 06:40:22, 67.8, 72.9, 13, 7969.6, 220, 5.5, 0.7, 4.4, 232.2, 186.5, 63475, 160.1, 20.8, 480.2, 4.5, 6.3
4, 15/01/2019 07:00:22, 82.4, 120.3, 15.7, 19704.9, 249.6, 5, 10.3, 19.5, 353, 308, 67884.5, 166.1, 31.6, 733.8, 5.3, 11.6
4, 15/01/2019 07:19:22, 84.8, 126.8, 16.2, 6872.9, 304.5, 11.5, 6.4, 15, 378.7, 324.6, 85212.1, 167.4, 32.5, 748.2, 8.6, 8.3
4, 15/01/2019 07:40:22, 78.7, 142.4, 16, 5036.1, 498.5, 9.3, 25, 38.8, 499.8, 364.5, 66617, 130.4, 34.2, 910.9, 7.4, 8.9
4, 15/01/2019 07:59:22, 70.4, 98.1, 13.4, 18786.2, 96.4, 3.9, 1.7, 9.9, 301.3, 251.2, 71881.4, 182.8, 32.1, 685.2, 7.8, 7.9
4, 15/01/2019 08:20:22, 81, 104.8, 16.9, 9329.3, 179.5, 23.3, 2.8, 16.9, 300.6, 268.3, 60135.7, 244.3, 34.3, 736.1, 8.4, 9.6
4, 15/01/2019 08:39:22, 79.5, 102.6, 15.7, 20705.6, 205.5, 26.2, 1.7, 24.7, 378.7, 262.7, 58797.2, 290.3, 32.7, 695.6, 7.1, 6
4, 15/01/2019 09:00:22, 79.6, 115.2, 15.8, 24399.9, 182.4, 20.4, 4.9, 25, 421.7, 294.9, 60143.6, 237.7, 36.4, 797.7, 7.7, 7.8
4, 15/01/2019 09:19:22, 82, 109.6, 17.2, 4368.2, 201.9, 20.9, 4.3, 25.4, 323.9, 280.4, 69706.8, 216, 33.4, 680.5, 7.6, 7.4
4, 15/01/2019 09:39:22, 73.5, 95.6, 13.9, 5248.4, 195.5, 21.1, 1.3, 24.5, 291.9, 244.8, 51205, 187.8, 35.3, 682.3, 8.5, 3.3
4, 15/01/2019 10:00:21, 75.8, 115.3, 13.8, 24799.2, 188.9, 17.5, 3.3, 23.8, 389.8, 295.1, 49992.7, 180.1, 41.4, 804.1, 4.3, 5.5
4, 15/01/2019 10:19:22, 58.1, 91.5, 11.4, 5089.5, 168, 28.1, 3.8, 26.5, 399.4, 234.2, 42719.8, 213.2, 33.2, 667.3, 4.4, 4.4
4, 15/01/2019 10:39:21, 45.5, 85.6, 10.1, 5031.8, 246.2, 24.8, 1.5, 31.2, 398.4, 219.2, 73386.4, 184.5, 35.6, 703.3, 4.4, 4.4
