HOST, TIME, SNAP_ID, SYS_CPU, SYS_DBTIME, SYS_SYSPCT, SYS_READ, SYS_WRITE, SYS_REDO, SYS_OSWAIT, SYS_RMWAIT, SYS_ACTSESS_MAX, SYS_ACTSESS_AVG, SYS_PGA, SYS_PXRUNS, SYS_PXQCT, SYS_PXSRVT, SYS_UCALLS, SYS_IOWAIT
1, 17/01/2019 23:59:09, 130499, 43.5, 49.8, 11.4, 792.9, 340.7, 39.4, 1, 0.8, 183.2, 127.5, 37042.1, 488.7, 5.9, 138.3, 71.5, 13.8
1, 18/01/2019 00:19:10, 130500, 39.5, 78.3, 10.7, 5125.1, 227.3, 42.7, 1.4, 11.5, 413.8, 200.4, 41754.8, 215.2, 10.5, 173.4, 87.9, 14.6
1, 18/01/2019 00:40:09, 130501, 62.1, 112.2, 14.2, 10008.9, 232.2, 39.2, 1.8, 26.3, 382.9, 287.3, 33082.2, 289, 23.9, 358.7, 80.6, 7.8
1, 18/01/2019 01:00:09, 130502, 72.9, 106.2, 19, 6937, 246.7, 37.6, 3.4, 9.3, 322, 271.8, 61356.8, 856.3, 26.1, 450.7, 90.6, 15.8
1, 18/01/2019 01:19:09, 130503, 54.1, 74.5, 13.9, 2273.6, 210.9, 26.7, 1.1, 5.4, 276.9, 190.8, 46187, 516.5, 20.9, 345.1, 73.2, 17.2
1, 18/01/2019 01:39:09, 130504, 36.9, 54.4, 10.2, 1419.2, 106.4, 18.1, 0.9, 2.6, 247.6, 139.3, 20044.1, 512.4, 16.7, 237.5, 67.7, 8
1, 18/01/2019 02:00:09, 130505, 33.8, 45.9, 9.9, 7463.4, 166.1, 31.4, 1, 0, 155.7, 117.5, 12392, 619.7, 11.3, 160, 83.2, 9
1, 18/01/2019 02:20:09, 130506, 55.6, 62.7, 13.5, 6541, 198.3, 26.6, 1.3, 1.2, 253.4, 160.6, 50372.4, 804.3, 14, 256.3, 79.4, 6.1
1, 18/01/2019 02:40:08, 130507, 74.8, 95.4, 16.2, 4865.2, 233.4, 21.8, 3.1, 6.4, 290, 244.1, 28481, 929.9, 18.6, 363.5, 96.6, 7.2
1, 18/01/2019 02:59:09, 130508, 73.7, 105.3, 16.3, 3635.5, 182.8, 20, 9.8, 14.8, 350.7, 269.6, 35033.7, 180.1, 19.5, 383.7, 71.6, 16.6
1, 18/01/2019 03:19:09, 130509, 47.2, 66, 11.5, 3072.8, 186.9, 25.1, 1, 4.8, 233.3, 168.8, 29511.3, 168.5, 14.3, 215.7, 55.6, 15.2
1, 18/01/2019 03:40:09, 130510, 38.7, 81.4, 10.3, 2558.2, 147.3, 27.7, 0.9, 1.9, 290.7, 208.4, 36313.9, 227.8, 14, 228.8, 44.6, 39
1, 18/01/2019 04:00:09, 130511, 47, 72.7, 12.6, 1412.3, 302.2, 39.3, 1, 1.3, 253.9, 186.1, 50402.6, 161.3, 10.5, 180.8, 70.5, 7
1, 18/01/2019 04:19:08, 130512, 40.5, 53.3, 11.3, 1544.4, 502.6, 36.3, 1, 1.7, 257.1, 136.5, 45596.3, 137.4, 7.4, 134.4, 82, 9
1, 18/01/2019 04:40:08, 130513, 34.9, 30.3, 8.6, 881.9, 509.7, 34.8, 0.8, 0.3, 113.7, 77.5, 45301.9, 186.5, 5.9, 106.7, 75.9, 3.9
1, 18/01/2019 05:00:08, 130514, 30.2, 48.3, 8, 1676.8, 412.2, 32.2, 0.8, 0.6, 253.1, 123.6, 43344.4, 206.1, 5.9, 99.7, 61.7, 3.8
1, 18/01/2019 05:20:08, 130515, 34.9, 62.6, 9.8, 1239.5, 278.2, 45.6, 0.9, 0.2, 266.6, 160.1, 46716.7, 166.7, 5.1, 108.8, 72.4, 4.7
1, 18/01/2019 05:40:08, 130516, 37.8, 54.6, 11.7, 340.8, 277.1, 47.8, 1.1, 0, 267.3, 139.8, 14884.9, 204.6, 4, 81.4, 114.1, 7.5
1, 18/01/2019 06:00:08, 130517, 42.5, 47.8, 13, 265.9, 285.3, 49.8, 1.1, 0, 199.4, 122.2, 13417.2, 130.2, 3.2, 46, 98.8, 7.7
1, 18/01/2019 06:20:08, 130518, 54.3, 72.9, 15.2, 1473.4, 297.5, 44.3, 1.2, 0, 270, 186.6, 16116.1, 196.3, 7.4, 139.4, 103.3, 8.1
1, 18/01/2019 06:39:08, 130519, 35.5, 38.2, 11, 401.4, 252, 42.2, 1, 0, 137.4, 97.9, 10998.2, 225, 3.7, 48.8, 137.1, 4.8
1, 18/01/2019 06:59:08, 130520, 48, 48.1, 14.5, 181.4, 341.8, 52, 1.2, 0, 183.8, 123, 12049.4, 154.9, 2.1, 19.6, 164.1, 9.6
1, 18/01/2019 07:20:08, 130521, 52.3, 72.7, 15.3, 1107.8, 353.3, 57.4, 1.3, 0.2, 332.7, 186, 12529.5, 239, 3.6, 62, 142.9, 7.8
1, 18/01/2019 07:40:08, 130522, 53.4, 74.9, 16.1, 576, 338.5, 56.9, 1.4, 0, 263.6, 191.8, 11788.8, 225.4, 3.5, 52.7, 147.6, 8.9
1, 18/01/2019 08:00:08, 130523, 60, 91.6, 17.2, 465.1, 361, 55.2, 1.3, 0.7, 307.9, 234.5, 14071.8, 129.7, 6.9, 80, 139.9, 13.2
1, 18/01/2019 08:20:08, 130524, 50.5, 82.1, 15.7, 210.5, 344.4, 62.5, 1.4, 0, 308.6, 210.3, 12911.5, 133.4, 5.6, 60.5, 156.4, 12.4
1, 18/01/2019 08:39:07, 130525, 55.4, 79.5, 17, 201.2, 366.7, 63, 1.4, 0, 304.1, 203.5, 12136.3, 201.3, 3.5, 37.1, 147.8, 17.8
1, 18/01/2019 09:00:08, 130526, 45.8, 78.7, 14.5, 871.4, 321.8, 55.9, 1.2, 0.1, 283.1, 201.6, 13517.9, 216.7, 3, 39.4, 118.6, 19
1, 18/01/2019 09:20:07, 130527, 37.7, 84.7, 11.9, 6506.8, 272.1, 47.8, 1.1, 0, 339.1, 216.9, 12005.2, 165.3, 2.9, 38.2, 107.4, 13.3
1, 18/01/2019 09:40:08, 130528, 42.6, 61, 12.9, 17055, 319.5, 56.7, 1.1, 0, 204, 156.3, 16097, 208.8, 3.5, 56.4, 131.7, 16.9
1, 18/01/2019 10:00:08, 130529, 62.1, 75.9, 17.2, 1694.2, 331.1, 56.6, 1.3, 0, 226.2, 194.4, 29083.1, 142.1, 5.5, 124.5, 128.3, 15
2, 17/01/2019 23:59:31, 130499, 57, 66.7, 15.1, 2397.1, 244.7, 19.6, 1, 0.7, 209.9, 170.8, 56828.5, 177.2, 10.1, 236.2, 50, 22.8
2, 18/01/2019 00:19:31, 130500, 59.3, 104.8, 14.2, 5496.2, 320.4, 31.9, 1.1, 10, 478.5, 268.4, 58738.7, 132.2, 14.6, 271.2, 75, 23.3
2, 18/01/2019 00:39:31, 130501, 79.3, 142.8, 17.2, 10260, 444.3, 49.8, 4.8, 21.8, 485.6, 365.6, 60580.4, 231.7, 28.9, 428.6, 116.8, 10.6
2, 18/01/2019 00:59:32, 130502, 67.6, 105.3, 15.4, 1737.2, 287.7, 33.6, 1.1, 9.8, 326.8, 269.7, 42748, 200.8, 25.2, 342.7, 88.3, 13.4
2, 18/01/2019 01:19:32, 130503, 78.5, 114.3, 17.4, 40801.7, 270.7, 28.3, 4.8, 3.1, 397.5, 292.7, 63216.8, 250, 26.5, 399.9, 103.2, 19.6
2, 18/01/2019 01:39:32, 130504, 90.4, 119.4, 15.7, 74906.7, 218.3, 20.7, 5.6, 5, 383.9, 305.8, 53087.4, 249.8, 28.2, 517.9, 91.6, 9.4
2, 18/01/2019 01:59:31, 130505, 73.8, 85.9, 14.3, 22974.4, 211.6, 26.7, 1.2, 0.1, 261.3, 220, 23748.9, 191.9, 16.9, 287.1, 127.2, 7
2, 18/01/2019 02:19:31, 130506, 51.9, 55.8, 12.3, 13545.3, 146.1, 30.5, 0.9, 0, 189.4, 142.9, 27439.5, 269.2, 11.5, 172.2, 156.8, 3.8
2, 18/01/2019 02:40:31, 130507, 49.4, 55.7, 11.9, 1183.2, 160.1, 31.8, 0.9, 0, 197.1, 142.5, 16743.1, 183.4, 11.6, 151.4, 184.1, 3.3
2, 18/01/2019 02:59:31, 130508, 51.3, 61.3, 11.7, 1901.7, 144.2, 27.3, 0.8, 6.3, 222.1, 157, 16559.6, 138, 11.6, 178.2, 160.7, 5.7
2, 18/01/2019 03:19:31, 130509, 47, 62.5, 10.4, 1882.4, 140.4, 24.5, 0.7, 8.1, 198.6, 160, 21143.3, 160, 11.6, 181, 139.4, 9.2
2, 18/01/2019 03:39:31, 130510, 41.2, 64.2, 9.5, 1428.2, 125.1, 21.5, 0.7, 1.7, 238, 164.3, 23544.9, 214.7, 13.2, 247, 119.4, 20.5
2, 18/01/2019 03:59:30, 130511, 40.6, 55.1, 9.5, 812.9, 192.5, 22.3, 0.7, 0, 205.1, 141, 57491.1, 4004.5, 11.2, 194.4, 108.7, 3.8
2, 18/01/2019 04:19:31, 130512, 48.8, 50, 10.7, 637.6, 444.4, 23.8, 0.8, 0, 182.3, 128.1, 56708.1, 5028.4, 9.7, 161.3, 120.2, 5.1
2, 18/01/2019 04:39:30, 130513, 38.6, 32.5, 8.2, 262.4, 487.6, 19.8, 0.6, 0, 100.3, 83.3, 59201.1, 5117.4, 5.7, 93.6, 64.2, 4.5
2, 18/01/2019 04:59:31, 130514, 33.6, 47.1, 9.1, 2466, 454.9, 20.7, 0.7, 0.1, 230.8, 120.6, 67984.1, 3036.9, 7.1, 152.3, 47.4, 8.1
2, 18/01/2019 05:20:30, 130515, 29.4, 54, 9.3, 2512.3, 116.4, 19.9, 0.7, 0, 246.2, 138.3, 67996.6, 636.5, 7.7, 160.8, 76, 7.8
2, 18/01/2019 05:39:30, 130516, 24.6, 35.6, 8.5, 771.3, 121.5, 22, 0.7, 0, 209.3, 91, 16212.3, 6096.1, 5.8, 104, 86.9, 6.8
2, 18/01/2019 06:00:31, 130517, 24.9, 31.7, 8.2, 557.8, 151.1, 23.3, 0.7, 0, 229.4, 81.1, 15684.9, 147.3, 4.9, 96.9, 89.1, 7.8
2, 18/01/2019 06:19:30, 130518, 28.7, 45.2, 9.1, 2470.6, 173.7, 21.5, 0.7, 0.4, 160.2, 115.7, 22061.5, 222.2, 7.8, 172.2, 57.1, 8.3
2, 18/01/2019 06:39:30, 130519, 19.5, 22.9, 6.6, 467, 152.6, 24.2, 0.5, 0, 100, 58.6, 15220.2, 146, 5.3, 93.4, 55.8, 5.3
2, 18/01/2019 06:59:30, 130520, 20.6, 19.8, 6.3, 362.2, 333.1, 29.4, 0.5, 0, 74.1, 50.6, 17585.4, 124.9, 4.6, 83.5, 59.7, 4.9
2, 18/01/2019 07:19:31, 130521, 22.3, 37.1, 6.6, 1408.6, 285.6, 31.1, 0.5, 0, 226.4, 95.1, 21455.6, 141, 5.7, 122, 65.7, 4.3
2, 18/01/2019 07:40:30, 130522, 30.3, 43.9, 8.2, 967.6, 309.9, 33.4, 0.6, 0, 176.5, 112.3, 31134.4, 169.5, 5.5, 123.5, 89.4, 5.9
2, 18/01/2019 07:59:30, 130523, 39.2, 67.1, 10.2, 16419.9, 376.8, 41.3, 0.7, 0, 312.6, 171.7, 46765.5, 143.1, 6.5, 145, 106.5, 7.3
2, 18/01/2019 08:20:30, 130524, 32, 52.3, 8.6, 149.6, 256.1, 44.6, 0.7, 0, 276.6, 134, 60846.5, 136.8, 4.7, 104.1, 110.7, 4.9
2, 18/01/2019 08:39:30, 130525, 31.9, 41, 9, 172.5, 234.6, 47.9, 0.7, 0, 203, 104.9, 42170, 144, 4.6, 112.7, 119.2, 7.1
2, 18/01/2019 08:59:29, 130526, 41.4, 58.5, 11.8, 1546, 300.2, 58.6, 0.9, 0, 254.6, 149.9, 23494.2, 137.1, 6.7, 163.9, 133.9, 9.5
2, 18/01/2019 09:19:30, 130527, 49.2, 91.2, 12.7, 1137.8, 308, 56.7, 0.9, 0.1, 386.8, 233.4, 21967.4, 155.1, 6.7, 192, 136.5, 7.3
2, 18/01/2019 09:39:30, 130528, 41.7, 55, 10.7, 1101.1, 313.3, 59.4, 0.8, 0, 260.8, 140.8, 21168.8, 158.1, 5.5, 156.1, 144.7, 7.4
2, 18/01/2019 10:00:30, 130529, 34.8, 45.5, 10.3, 493.5, 339.4, 61.7, 0.8, 0, 156.4, 116.4, 16744.5, 133.7, 3.9, 83.5, 157.2, 8.5
3, 17/01/2019 23:59:56, 130499, 35.1, 56.7, 9.2, 28523.6, 318.2, 1.4, 0.6, 4.5, 246.2, 145.1, 43341.9, 470.9, 28.4, 356.5, 1.2, 16.2
3, 18/01/2019 00:20:01, 130500, 39.1, 83.2, 9.2, 24542, 179.6, 1.9, 0.5, 9.4, 688.7, 213, 69919.5, 921.9, 42.9, 414.9, 4.2, 19.4
3, 18/01/2019 00:40:01, 130501, 58.3, 79.4, 12.5, 6021.2, 231, 0.7, 1, 9, 270.3, 203.3, 71598.5, 552.9, 41.1, 462.2, 2.6, 8.4
3, 18/01/2019 01:00:00, 130502, 54.8, 79.1, 11.3, 19809.4, 279.1, 2.9, 0.7, 10.8, 276.5, 202.5, 42658.1, 579.9, 39.4, 513.2, 2.1, 7.8
3, 18/01/2019 01:20:01, 130503, 35.5, 58.6, 8.5, 4936.3, 219, 0.6, 0.6, 9.5, 210.9, 150, 40051.3, 530.1, 35.4, 420.2, 2.5, 6.6
3, 18/01/2019 01:40:00, 130504, 30.2, 58.4, 8, 6948, 290.9, 1.3, 0.5, 11.3, 223.9, 149.5, 46806.6, 455, 32.7, 418.6, 2.1, 7.5
3, 18/01/2019 02:00:00, 130505, 38.7, 83.1, 8.9, 29365.9, 249.7, 3.6, 0.7, 30.8, 245.2, 212.7, 51881.7, 393.4, 36.5, 565.9, 2, 10.7
3, 18/01/2019 02:20:00, 130506, 29.3, 69.1, 7.6, 6480.1, 247.7, 3.1, 0.5, 22.3, 220.7, 177, 40610.6, 290.4, 32.1, 422.3, 2.4, 5.6
3, 18/01/2019 02:40:00, 130507, 26.5, 62.2, 7, 9589.5, 354.2, 1.9, 0.5, 15.4, 294.8, 159.2, 37340.6, 310.6, 28.6, 363.9, 1.4, 5.7
3, 18/01/2019 03:00:01, 130508, 38.5, 77.4, 9.2, 28100.1, 272.4, 8.2, 0.6, 24, 282.4, 198.2, 36539, 383.7, 34.5, 472.2, 1.9, 9.1
3, 18/01/2019 03:20:00, 130509, 47.7, 105.2, 10.5, 67868.3, 200.5, 4.2, 1.3, 23.1, 481.9, 269.3, 67430, 394.3, 38.7, 601.8, 2.9, 29.7
3, 18/01/2019 03:40:00, 130510, 47.4, 123.6, 12, 78315.6, 256.6, 14.3, 0.8, 13.6, 460.8, 316.4, 92236.2, 240.2, 41.3, 803, 2.7, 59.8
3, 18/01/2019 04:00:00, 130511, 58.3, 94.8, 13.3, 13239.7, 270.8, 13.9, 0.9, 18.2, 313.4, 242.7, 62503.2, 396.8, 42.2, 695.1, 5.3, 10.1
3, 18/01/2019 04:20:00, 130512, 58.2, 91.8, 10.7, 12492.7, 353.2, 9, 0.8, 32.8, 336.1, 235, 72547.8, 378.5, 45.1, 600.6, 7.2, 5.8
3, 18/01/2019 04:39:59, 130513, 58.8, 84.5, 11.2, 2166.9, 338.1, 3.2, 1.1, 26.8, 265.8, 216.2, 64612.4, 168.8, 41.2, 592.6, 5.2, 5.4
3, 18/01/2019 05:00:00, 130514, 69.4, 117.5, 14.1, 4232.4, 315.3, 9, 2.9, 20.3, 442.2, 300.9, 83021.4, 369.6, 47.7, 1047.7, 3.1, 8
3, 18/01/2019 05:21:00, 130515, 52.7, 100.5, 11.4, 4499.8, 426.5, 9, 1.2, 25, 424.1, 257.2, 77693.6, 283.2, 40.2, 839.8, 2.5, 7.5
3, 18/01/2019 05:40:00, 130516, 49.2, 83.2, 10.8, 2160.6, 446.5, 12.3, 0.7, 26, 350.9, 213, 77509.1, 184.9, 41.5, 759.1, 5.3, 5.8
3, 18/01/2019 06:00:00, 130517, 52.3, 94.1, 12.3, 15206.1, 399.9, 12.6, 1.3, 29.2, 355.5, 241, 70774, 293.5, 39.4, 799.3, 10.3, 9.2
3, 18/01/2019 06:20:00, 130518, 36.7, 81.1, 8.6, 6335.4, 361.3, 20.3, 0.5, 27.3, 253.9, 207.6, 50272.8, 303.4, 38.5, 734.9, 13.1, 5.8
3, 18/01/2019 06:39:59, 130519, 32.2, 68.7, 8.3, 2969.3, 248.4, 22, 0.5, 30.4, 214.4, 175.8, 72217.1, 236.9, 37.2, 677.9, 13.6, 7
3, 18/01/2019 06:59:59, 130520, 34.2, 72.2, 8.4, 25406.1, 460.7, 18.5, 0.6, 35.9, 239.7, 184.8, 62570, 262.6, 35.5, 588.2, 13.1, 6.7
3, 18/01/2019 07:19:59, 130521, 42, 85.1, 9.1, 3013.5, 362.3, 9.9, 0.6, 29.4, 332.7, 218, 78109, 243.9, 35.7, 655.5, 11.7, 5.5
3, 18/01/2019 07:40:00, 130522, 33.2, 79.3, 8.1, 6045.2, 210, 14.3, 0.6, 26.3, 309.3, 203.1, 74228.6, 248.8, 35.4, 628.6, 8.3, 6
3, 18/01/2019 08:00:00, 130523, 47.8, 114.3, 12.5, 28174.1, 134.6, 10.6, 1.1, 15.9, 420.6, 292.6, 69615.9, 259.3, 44.4, 1071.3, 8.1, 11.6
3, 18/01/2019 08:19:59, 130524, 46.6, 103.3, 11.1, 3583.2, 421.8, 13.4, 0.7, 14.9, 348, 264.5, 85746.6, 361.8, 48, 1337.6, 8.5, 9.3
3, 18/01/2019 08:39:59, 130525, 46, 115.4, 9.9, 7803.6, 390.9, 31.4, 1.3, 43.3, 424.8, 295.5, 82495.7, 274.1, 52.4, 1241.3, 6, 9.4
3, 18/01/2019 08:59:59, 130526, 47.3, 146.3, 9.8, 26098.4, 250.3, 12.4, 4.1, 60.9, 571.5, 374.4, 112843.8, 374.6, 57.2, 1235.8, 5.5, 11
3, 18/01/2019 09:19:59, 130527, 43.1, 135.4, 10.5, 5142.6, 320.3, 11.5, 1.5, 57.5, 419.2, 346.5, 80123.4, 317.5, 58.2, 1204.5, 6.9, 8.8
3, 18/01/2019 09:39:59, 130528, 49.4, 139.5, 12.8, 5428.3, 427.6, 17.2, 2.4, 68.3, 706.1, 357.1, 114237.9, 270.8, 63.2, 1287.6, 6.1, 11.9
3, 18/01/2019 09:59:59, 130529, 36.5, 123.8, 9.2, 26633.7, 256.2, 19.1, 0.9, 55.2, 504.2, 317, 73849.7, 398.3, 55.9, 1121, 6.6, 9
4, 17/01/2019 23:59:23, 130499, 31.5, 58.2, 8.2, 18368.6, 118, 0.5, 0.6, 10.5, 279.5, 149.1, 51513.5, 290.3, 31.1, 356.2, 1.9, 14.8
4, 18/01/2019 00:19:23, 130500, 36, 75.6, 8.3, 12863, 102.8, 0.7, 0.6, 6, 279.4, 193.5, 58768.9, 323, 44, 428.2, 3, 21.3
4, 18/01/2019 00:40:23, 130501, 46.5, 74.7, 9.8, 5026.5, 157, 0.7, 0.6, 8.9, 234.8, 191.2, 75330.6, 613.2, 40.5, 455.6, 2.4, 5.8
4, 18/01/2019 01:00:22, 130502, 52.5, 83, 9.9, 18853.8, 244.5, 0.6, 0.6, 15.8, 260.1, 212.5, 101765, 372.2, 41.4, 500.6, 2, 5.5
4, 18/01/2019 01:19:22, 130503, 44.8, 70.9, 9.2, 3874, 190.4, 0.5, 0.6, 16.1, 201, 181.6, 70818.4, 206.9, 37.2, 418.3, 2.5, 6.6
4, 18/01/2019 01:39:23, 130504, 36, 68.2, 7.3, 3701.1, 154.4, 0.3, 0.5, 16.2, 211.9, 174.7, 52145.1, 119.4, 32.9, 370.8, 3.7, 5.4
4, 18/01/2019 01:59:22, 130505, 47.2, 84.4, 10.4, 14768.1, 370.8, 3.9, 0.7, 18.3, 346.6, 216, 70402.7, 214.5, 34.8, 556.9, 5.2, 9.5
4, 18/01/2019 02:20:22, 130506, 36.1, 70, 7.9, 4965.6, 141.8, 1.3, 0.5, 18.1, 256.4, 179.3, 59525.8, 120, 29.9, 440.3, 3, 4.7
4, 18/01/2019 02:40:22, 130507, 26.9, 57.8, 6.4, 3732.8, 114, 1, 0.4, 16.9, 166.3, 147.9, 54010.7, 69.5, 27.5, 411.4, 1.7, 4.6
4, 18/01/2019 02:59:22, 130508, 40.1, 73.1, 8.8, 13643.5, 311.6, 5.4, 0.6, 22.7, 265, 187.1, 73466.1, 117.9, 29.9, 434.5, 1.5, 6.2
4, 18/01/2019 03:19:27, 130509, 35.4, 90.5, 8.1, 40762.1, 128.5, 7.1, 0.5, 23, 397.7, 231.7, 65390.4, 303.1, 32.9, 472, 2, 22.1
4, 18/01/2019 03:39:27, 130510, 37.4, 125.6, 8.7, 88431.2, 114.4, 12.2, 0.6, 25.2, 405.9, 321.5, 65934.8, 263.2, 37.2, 600.1, 1.1, 52.4
4, 18/01/2019 03:59:27, 130511, 34.9, 84.5, 7.5, 33768.8, 213.3, 3.6, 0.5, 27.9, 294.4, 216.3, 122660.1, 313, 37.6, 601.4, 3, 5.8
4, 18/01/2019 04:19:27, 130512, 49.8, 77.7, 9.4, 5008, 624.9, 2.6, 1.4, 28.7, 268.2, 198.8, 99989.5, 1230.5, 35.4, 633.3, 3.8, 4.8
4, 18/01/2019 04:39:27, 130513, 50.8, 85.4, 8.8, 7417.7, 445.2, 3.2, 0.6, 37.9, 266.7, 218.7, 120945.7, 2539.1, 38.5, 550.2, 1.9, 4
4, 18/01/2019 05:00:27, 130514, 57.4, 126.6, 10.4, 41674, 468.2, 9.5, 4.2, 50.4, 461.7, 324, 155695.3, 275.8, 44.5, 864.3, 1.8, 5.4
4, 18/01/2019 05:22:26, 130515, 47.7, 104.7, 10.4, 11759.1, 330.5, 8.9, 1, 33.6, 436.6, 268, 111328.9, 273.5, 39.2, 761.1, 2.7, 6.5
4, 18/01/2019 05:39:27, 130516, 32.2, 71.4, 7.2, 7734.1, 114.6, 3.9, 0.4, 28.2, 242.6, 182.7, 75205.3, 297.5, 35.6, 580.6, 3.4, 4.7
4, 18/01/2019 06:00:26, 130517, 56.9, 130.1, 12, 25882.6, 316.4, 8.1, 2.9, 49.5, 496.7, 333.1, 106166.1, 179.1, 47.5, 869.2, 2.4, 8.9
4, 18/01/2019 06:19:31, 130518, 62.2, 122.4, 13.4, 4753.9, 489.2, 9.1, 2.1, 26.3, 443.2, 313.3, 112538.2, 165, 40.6, 817.8, 2.2, 9.7
4, 18/01/2019 06:39:31, 130519, 46.8, 80.3, 10.9, 5507.3, 642.7, 5.3, 0.8, 24.5, 314.1, 205.5, 77437.6, 140.8, 34.2, 625.1, 1.8, 7.6
4, 18/01/2019 06:59:31, 130520, 40.6, 74.9, 9.3, 20539, 322.4, 9.2, 0.6, 27.2, 220, 191.6, 60118.6, 167, 33.6, 558, 2.3, 8.9
4, 18/01/2019 07:19:31, 130521, 43.6, 82.9, 9.3, 9854.1, 315.3, 1.2, 0.6, 24.4, 304.7, 212.2, 104957.2, 234.3, 34.5, 508.5, 3.5, 8.6
4, 18/01/2019 07:40:31, 130522, 45.8, 84.1, 10.7, 2730, 346.8, 20.1, 0.7, 22.8, 318.8, 215.4, 89990.6, 247.6, 39.6, 634.2, 1, 8
4, 18/01/2019 08:00:31, 130523, 51, 108.3, 10.2, 15736.4, 611.8, 18.3, 1, 13.6, 488.2, 277.3, 81707.2, 254.5, 45, 894.4, 1.4, 10.8
4, 18/01/2019 08:20:36, 130524, 62.7, 136.2, 13.1, 7873, 321.4, 15.1, 3.7, 13.1, 586.5, 348.6, 117184.8, 144.5, 53.6, 1613.7, 0.8, 13.2
4, 18/01/2019 08:39:36, 130525, 63.4, 121.9, 12, 18109.4, 407, 31.4, 2, 9.4, 582.4, 312.2, 110252.5, 184, 50.2, 1436.4, 0.5, 12.8
4, 18/01/2019 08:59:36, 130526, 69.4, 145.7, 12.6, 31752.1, 464.2, 18.8, 6.6, 25.1, 1069.9, 373, 75240.5, 202.6, 50.4, 1425.3, 2.5, 11.5
4, 18/01/2019 09:19:41, 130527, 59.2, 143.2, 10.3, 1828.7, 522.6, 12.9, 7.2, 27.9, 754.3, 366.5, 72916.8, 189.9, 44, 1261.3, 0.5, 8.5
4, 18/01/2019 09:39:40, 130528, 69.4, 158.8, 13.3, 19563.7, 456.9, 24.3, 5.4, 31.2, 932.8, 406.5, 120688.1, 354.6, 60, 1194.5, 1.4, 12.7
4, 18/01/2019 09:59:41, 130529, 65.2, 141.3, 12.1, 16682.3, 370.7, 23.2, 5.4, 33.8, 485.6, 361.8, 110573.7, 157, 62.3, 1344.8, 1.3, 8.5
