INSTANCE_NUMBER, SNAP_ID, T_BEG, USR_GROUP, CPU, DBTIME, PGA, OTH_WAIT, PXENQ, PXQTIME, PXQRY, PXREL, REQS, YIELDS, IOWAIT, READ, WRITE
1, 130499, 18/01/2019 00:00:03, ADW_UNLOAD_GROUP, 0, 0.1, 1.1, 0.1, 0, 0, 0, 0, 514, 1, 0, 3.6, 46.3
1, 130500, 18/01/2019 00:20:09, ADW_UNLOAD_GROUP, 0, 0.1, 0.3, 0.1, 0, 0, 0, 0, 589, 0, 0, 0, 0
1, 130501, 18/01/2019 00:40:19, ADW_UNLOAD_GROUP, 0, 0, 0.7, 0, 0, 0, 0, 0, 423, 2, 0, 0, 0
1, 130502, 18/01/2019 01:00:25, ADW_UNLOAD_GROUP, 8.7, 23.5, 2332.3, 10.4, 0, 0, 10, 124, 1255, 3359, 4.4, 4206.1, 4339.1
1, 130503, 18/01/2019 01:20:05, ADW_UNLOAD_GROUP, 2.3, 5.4, 1082.2, 1.1, 0, 0, 17, 146, 667, 778, 2, 554.7, 3683.9
1, 130504, 18/01/2019 01:40:02, ADW_UNLOAD_GROUP, 1, 3.7, 387.1, 2.4, 0, 0, 6, 38, 334, 200, 0.3, 166, 917.1
1, 130505, 18/01/2019 02:00:06, ADW_UNLOAD_GROUP, 1.4, 4.4, 435.5, 2.7, 0, 0, 6, 40, 570, 324, 0.3, 226.8, 835
1, 130506, 18/01/2019 02:20:27, ADW_UNLOAD_GROUP, 13.7, 20.5, 8932.7, 4.8, 0, 0, 28, 280, 1391, 14987, 2, 3900.3, 3315.7
1, 130507, 18/01/2019 02:40:34, ADW_UNLOAD_GROUP, 30.9, 40.6, 16080.2, 8.7, 0, 0, 31, 368, 1217, 45102, 1, 4419.9, 1333
1, 130508, 18/01/2019 03:00:03, ADW_UNLOAD_GROUP, 30.5, 49.1, 11205.9, 13.8, 0, 0, 32, 453, 1073, 35056, 4.8, 3094.3, 5303.1
1, 130509, 18/01/2019 03:20:04, ADW_UNLOAD_GROUP, 9, 13, 10323.1, 2.5, 0, 0, 25, 276, 578, 3058, 1.5, 1980.1, 2408.7
1, 130510, 18/01/2019 03:40:11, ADW_UNLOAD_GROUP, 1.8, 6.8, 11159.4, 3.7, 0, 0, 8, 48, 320, 360, 1.3, 337.5, 922.1
1, 130511, 18/01/2019 04:00:13, ADW_UNLOAD_GROUP, 2.9, 5.8, 8024.2, 2.4, 0, 0, 9, 76, 251, 696, 0.5, 230.1, 965.8
1, 130512, 18/01/2019 04:20:04, ADW_UNLOAD_GROUP, 0.5, 2.9, 319.2, 1.7, 0, 0, 0, 0, 59, 64, 0.7, 40.3, 1183.8
1, 130513, 18/01/2019 04:40:16, ADW_UNLOAD_GROUP, 0.2, 1, 113.9, 0.6, 0, 0, 4, 40, 161, 19, 0.2, 20.5, 539.2
1, 130514, 18/01/2019 05:00:28, ADW_UNLOAD_GROUP, 0, 0, 0, 0, 0, 0, 0, 0, 431, 0, 0, 0, 0
1, 130515, 18/01/2019 05:20:45, ADW_UNLOAD_GROUP, 0, 0, 0, 0, 0, 0, 0, 0, 278, 0, 0, 0, 0
1, 130516, 18/01/2019 05:40:21, ADW_UNLOAD_GROUP, 0, 0, 0, 0, 0, 0, 0, 0, 202, 0, 0, 0, 0
1, 130517, 18/01/2019 06:00:31, ADW_UNLOAD_GROUP, 0, 0, 0, 0, 0, 0, 0, 0, 48, 0, 0, 0, 0
1, 130518, 18/01/2019 06:20:19, ADW_UNLOAD_GROUP, 0, 0, 0, 0, 0, 0, 0, 0, 81, 1, 0, 0, 0
1, 130519, 18/01/2019 06:40:04, ADW_UNLOAD_GROUP, 0, 0, 0, 0, 0, 0, 0, 0, 327, 0, 0, 0, 0
1, 130520, 18/01/2019 07:00:00, ADW_UNLOAD_GROUP, 0, 0, 0, 0, 0, 0, 0, 0, 417, 0, 0, 0, 0
1, 130521, 18/01/2019 07:20:09, ADW_UNLOAD_GROUP, 0, 0, 0, 0, 0, 0, 0, 0, 400, 0, 0, 0, 0
1, 130522, 18/01/2019 07:40:16, ADW_UNLOAD_GROUP, 0, 0, 0, 0, 0, 0, 0, 0, 291, 0, 0, 0, 0
1, 130523, 18/01/2019 08:00:04, ADW_UNLOAD_GROUP, 0, 0, 0, 0, 0, 0, 0, 0, 94, 0, 0, 0, 0
1, 130524, 18/01/2019 08:20:21, ADW_UNLOAD_GROUP, 0, 0, 0, 0, 0, 0, 0, 0, 39, 0, 0, 0, 0
1, 130525, 18/01/2019 08:40:04, ADW_UNLOAD_GROUP, 0, 0, 0, 0, 0, 0, 0, 0, 143, 1, 0, 0, 0
1, 130526, 18/01/2019 09:00:14, ADW_UNLOAD_GROUP, 0, 0, 0, 0, 0, 0, 0, 0, 682, 0, 0, 0, 0
1, 130527, 18/01/2019 09:20:07, ADW_UNLOAD_GROUP, 0, 0.1, 0.2, 0.1, 0, 0, 0, 0, 281, 0, 0, 0, 0
1, 130528, 18/01/2019 09:40:18, ADW_UNLOAD_GROUP, 0, 0.1, 35.3, 0.1, 0, 0, 0, 0, 383, 0, 0, 0, 0
1, 130529, 18/01/2019 10:00:37, ADW_UNLOAD_GROUP, 12.2, 13.8, 8909, 1.5, 0, 0, 3, 47, 375, 3336, 0.1, 1408.2, 37.7
1, 130499, 18/01/2019 00:00:03, FP_DM_PRIOR, 13.2, 21, 24636.2, 4.6, 0, 0, 3, 68, 123, 10524, 3.2, 704.3, 10678.9
1, 130500, 18/01/2019 00:20:09, FP_DM_PRIOR, 7.1, 18.1, 24406.8, 9.8, 0, 0, 4, 112, 289, 2385, 1.2, 441.3, 4924.9
1, 130501, 18/01/2019 00:40:19, FP_DM_PRIOR, 16.3, 29.5, 12350.2, 9.9, 0, 0, 54, 1512, 1609, 12622, 3.3, 1836.3, 7300.4
1, 130502, 18/01/2019 01:00:25, FP_DM_PRIOR, 6, 19.3, 5810.8, 8.3, 0, 0, 1, 16, 2, 3127, 5, 271.2, 11154.8
1, 130503, 18/01/2019 01:20:05, FP_DM_PRIOR, 5.3, 11.4, 5372.3, 4.3, 0, 0, 1, 32, 4, 2245, 1.8, 250.7, 4373.4
1, 130504, 18/01/2019 01:40:02, FP_DM_PRIOR, 1.8, 6.8, 6992.5, 4.2, 0, 0, 2, 41, 47, 390, 0.8, 100.9, 2599
1, 130505, 18/01/2019 02:00:06, FP_DM_PRIOR, 1.5, 7.1, 2052.2, 4.6, 0, 0, 1, 32, 4, 391, 1, 40.2, 2972.8
1, 130506, 18/01/2019 02:20:27, FP_DM_PRIOR, 8.4, 19.8, 2858.9, 9.6, 0, 0, 10, 184, 408, 6800, 1.8, 595.7, 4480.7
1, 130507, 18/01/2019 02:40:34, FP_DM_PRIOR, 4.3, 14, 1736.2, 7.8, 0, 0, 3, 80, 38, 2556, 1.9, 313.9, 4312.8
1, 130508, 18/01/2019 03:00:03, FP_DM_PRIOR, 5.4, 11.7, 2158.3, 4.5, 0, 0, 0, 0, 4, 3313, 1.8, 197.7, 3297.3
1, 130509, 18/01/2019 03:20:04, FP_DM_PRIOR, 1.2, 6.6, 502.2, 3.7, 0, 0, 0, 0, 0, 304, 1.7, 30.1, 2454.9
1, 130510, 18/01/2019 03:40:11, FP_DM_PRIOR, 3.2, 13, 1032.5, 6, 0, 0, 35, 948, 1214, 1192, 3.8, 1469, 3061.4
1, 130511, 18/01/2019 04:00:13, FP_DM_PRIOR, 3.3, 12.1, 1021.2, 7.2, 0, 0, 29, 680, 807, 1307, 1.6, 632.2, 3685.6
1, 130512, 18/01/2019 04:20:04, FP_DM_PRIOR, 2, 6.4, 652.3, 3, 0, 0, 4, 64, 56, 523, 1.4, 126.6, 2873.2
1, 130513, 18/01/2019 04:40:16, FP_DM_PRIOR, 3, 3.9, 1152.5, 0.7, 0, 0, 2, 48, 16, 525, 0.2, 121.9, 760.7
1, 130514, 18/01/2019 05:00:28, FP_DM_PRIOR, 3, 7.6, 1278.4, 3.8, 0, 0, 60, 1528, 1765, 1028, 0.8, 857.8, 874.6
1, 130515, 18/01/2019 05:20:45, FP_DM_PRIOR, 3.4, 6.4, 989.8, 2.5, 0, 0, 15, 384, 386, 1070, 0.5, 736.7, 1134.5
1, 130516, 18/01/2019 05:40:21, FP_DM_PRIOR, 3.1, 6.4, 1059.2, 2.9, 0, 0, 0, 0, 0, 1095, 0.4, 241.7, 1472.2
1, 130517, 18/01/2019 06:00:31, FP_DM_PRIOR, 2, 2.9, 601.9, 0.9, 0, 0, 2, 48, 120, 486, 0, 94.4, 63.2
1, 130518, 18/01/2019 06:20:19, FP_DM_PRIOR, 5.9, 11.2, 1573.1, 4.4, 0, 0, 59, 1628, 1833, 2782, 0.9, 1132.8, 1967.1
1, 130519, 18/01/2019 06:40:04, FP_DM_PRIOR, 2, 3.7, 604.6, 1.2, 0, 0, 31, 395, 482, 634, 0.5, 324.5, 1750.9
1, 130520, 18/01/2019 07:00:00, FP_DM_PRIOR, 2.7, 2.9, 850, 0.2, 0, 0, 1, 16, 16, 566, 0, 78.9, 61.1
1, 130521, 18/01/2019 07:20:09, FP_DM_PRIOR, 5.1, 10.9, 1615.8, 4.9, 0, 0, 78, 1960, 2154, 3088, 0.9, 1019.1, 1109.1
1, 130522, 18/01/2019 07:40:16, FP_DM_PRIOR, 3.1, 6.4, 646.5, 2.6, 0, 0, 33, 808, 1058, 1849, 0.7, 495, 1494.5
1, 130523, 18/01/2019 08:00:04, FP_DM_PRIOR, 1.1, 4, 685, 2.4, 2, 0, 7, 116, 176, 407, 0.5, 170.6, 778.4
1, 130524, 18/01/2019 08:20:21, FP_DM_PRIOR, 0.8, 2.5, 1069.1, 1.5, 0, 0, 0, 0, 19, 161, 0.2, 60, 564.7
1, 130525, 18/01/2019 08:40:04, FP_DM_PRIOR, 2.6, 2.9, 690.4, 0.3, 0, 0, 1, 16, 36, 678, 0, 64.6, 11
1, 130526, 18/01/2019 09:00:14, FP_DM_PRIOR, 4.5, 7.1, 1487.6, 2.1, 20, 0.6, 46, 972, 1176, 1993, 0.5, 805, 656.2
1, 130527, 18/01/2019 09:20:07, FP_DM_PRIOR, 2.7, 5.1, 597.3, 1.7, 10, 1.1, 29, 800, 881, 884, 0.7, 687.9, 2342.4
1, 130528, 18/01/2019 09:40:18, FP_DM_PRIOR, 4.4, 6.4, 1795.3, 1.6, 4, 0.7, 21, 512, 645, 1100, 0.4, 318.7, 304.3
1, 130529, 18/01/2019 10:00:37, FP_DM_PRIOR, 1.1, 1.6, 4847.4, 0.4, 1, 0.2, 1, 32, 27, 290, 0.1, 11.7, 96.7
1, 130499, 18/01/2019 00:00:03, HDP_UNLOAD_GROUP, 0, 0, 0, 0, 0, 0, 0, 0, 7, 0, 0, 0, 0
1, 130500, 18/01/2019 00:20:09, HDP_UNLOAD_GROUP, 4.3, 25.2, 1242.7, 17.7, 0, 0, 15, 168, 589, 6026, 3.2, 5530.4, 1079.4
1, 130501, 18/01/2019 00:40:19, HDP_UNLOAD_GROUP, 9.5, 33.9, 2681.2, 20.3, 0, 0, 37, 332, 577, 15958, 4.1, 7258.7, 1714.6
1, 130502, 18/01/2019 01:00:25, HDP_UNLOAD_GROUP, 9.8, 19.3, 2277.2, 6.6, 0, 0, 98, 932, 1534, 9401, 2.9, 1123.1, 1583.5
1, 130503, 18/01/2019 01:20:05, HDP_UNLOAD_GROUP, 9.7, 21.1, 1327.7, 2.1, 0, 0, 67, 632, 1120, 4336, 9.3, 1097.7, 2599.1
1, 130504, 18/01/2019 01:40:02, HDP_UNLOAD_GROUP, 9.8, 14.8, 1239.8, 0.7, 0, 0, 25, 224, 410, 5353, 4.3, 760.4, 1540
1, 130505, 18/01/2019 02:00:06, HDP_UNLOAD_GROUP, 4.2, 6.5, 549.1, 1.3, 0, 0, 26, 220, 350, 1493, 1, 393.5, 785.5
1, 130506, 18/01/2019 02:20:27, HDP_UNLOAD_GROUP, 3.2, 3.7, 263.1, 0.4, 0, 0, 59, 520, 943, 676, 0.1, 237.3, 60.2
1, 130507, 18/01/2019 02:40:34, HDP_UNLOAD_GROUP, 2.7, 3.3, 620.7, 0.6, 0, 0, 6, 48, 99, 439, 0, 96.9, 6.3
1, 130508, 18/01/2019 03:00:03, HDP_UNLOAD_GROUP, 6.1, 8.4, 625.8, 2.3, 0, 0, 8, 80, 172, 3338, 0, 440.9, 2.5
1, 130509, 18/01/2019 03:20:04, HDP_UNLOAD_GROUP, 10, 14.2, 904.1, 4.2, 0, 0, 0, 0, 0, 5751, 0, 883.7, 0.6
1, 130510, 18/01/2019 03:40:11, HDP_UNLOAD_GROUP, 7.6, 14.8, 972, 7.2, 0, 0, 0, 0, 0, 2860, 0, 711, 1
1, 130511, 18/01/2019 04:00:13, HDP_UNLOAD_GROUP, 5, 5.8, 791.8, 0.8, 0, 0, 5, 72, 48, 2412, 0, 481.3, 60.5
1, 130512, 18/01/2019 04:20:04, HDP_UNLOAD_GROUP, 0.2, 0.3, 1993.8, 0.1, 0, 0, 0, 0, 0, 3, 0, 1.8, 0
1, 130513, 18/01/2019 04:40:16, HDP_UNLOAD_GROUP, 0.2, 0.3, 2290.9, 0.1, 0, 0, 0, 0, 0, 3, 0, 1.8, 0
1, 130514, 18/01/2019 05:00:28, HDP_UNLOAD_GROUP, 1.4, 2.4, 2212.5, 1, 0, 0, 2, 32, 56, 27, 0, 44.7, 1.8
1, 130515, 18/01/2019 05:20:45, HDP_UNLOAD_GROUP, 0.4, 0.6, 19.8, 0.2, 0, 0, 5, 80, 107, 82, 0, 59.3, 13.3
1, 130517, 18/01/2019 06:00:31, HDP_UNLOAD_GROUP, 0.1, 0.1, 13.2, 0, 0, 0, 1, 12, 13, 8, 0, 3, 1.1
1, 130518, 18/01/2019 06:20:19, HDP_UNLOAD_GROUP, 2.6, 2.9, 654.3, 0.3, 0, 0, 1, 10, 54, 472, 0, 151.9, 3.6
1, 130519, 18/01/2019 06:40:04, HDP_UNLOAD_GROUP, 0.8, 0.8, 130.8, 0, 0, 0, 2, 28, 2, 113, 0, 33.3, 23.9
1, 130520, 18/01/2019 07:00:00, HDP_UNLOAD_GROUP, 0.4, 0.5, 32.6, 0, 0, 0, 0, 0, 2, 30, 0.1, 27.7, 102.7
1, 130521, 18/01/2019 07:20:09, HDP_UNLOAD_GROUP, 0.5, 0.9, 159.8, 0.3, 0, 0, 0, 0, 0, 68, 0.1, 31.5, 84.8
1, 130522, 18/01/2019 07:40:16, HDP_UNLOAD_GROUP, 0.4, 0.6, 190.8, 0.2, 0, 0, 0, 0, 0, 41, 0, 22, 64.4
1, 130523, 18/01/2019 08:00:04, HDP_UNLOAD_GROUP, 6.9, 10.4, 1815.6, 3.1, 0, 0, 2, 26, 111, 6788, 0.4, 234.2, 552.1
1, 130524, 18/01/2019 08:20:21, HDP_UNLOAD_GROUP, 0.7, 0.9, 742.5, 0.2, 0, 0, 1, 16, 20, 73, 0, 63.4, 89.7
1, 130525, 18/01/2019 08:40:04, HDP_UNLOAD_GROUP, 0.2, 0.3, 201.2, 0.1, 0, 0, 3, 32, 12, 21, 0, 26.8, 26.9
1, 130526, 18/01/2019 09:00:14, HDP_UNLOAD_GROUP, 0.2, 0.2, 3.5, 0, 0, 0, 0, 0, 0, 4, 0, 0, 0
1, 130527, 18/01/2019 09:20:07, HDP_UNLOAD_GROUP, 0, 0, 3.2, 0, 0, 0, 0, 0, 10, 0, 0, 0, 0
1, 130528, 18/01/2019 09:40:18, HDP_UNLOAD_GROUP, 0, 0, 0.5, 0, 0, 0, 0, 0, 10, 4, 0, 0, 0
1, 130529, 18/01/2019 10:00:37, HDP_UNLOAD_GROUP, 0.3, 0.5, 54.8, 0.2, 0, 0, 2, 28, 43, 110, 0, 7.3, 2.6
1, 130500, 18/01/2019 00:20:09, ODS_SUPPORT_GROUP, 0, 0, 6.4, 0, 0, 0, 0, 0, 10, 5, 0, 0, 0
1, 130501, 18/01/2019 00:40:19, ODS_SUPPORT_GROUP, 0, 0.1, 11.4, 0.1, 0, 0, 0, 0, 11, 9, 0, 0, 0
1, 130502, 18/01/2019 01:00:25, ODS_SUPPORT_GROUP, 4.7, 7.2, 12983.5, 1.7, 0, 0, 0, 0, 40, 2839, 0.8, 1227.8, 229.7
1, 130503, 18/01/2019 01:20:05, ODS_SUPPORT_GROUP, 4.4, 6.6, 11306.8, 2.1, 0, 0, 0, 0, 9, 2197, 0.1, 242.6, 325.9
1, 130504, 18/01/2019 01:40:02, ODS_SUPPORT_GROUP, 0.4, 0.6, 419.3, 0.2, 0, 0, 2, 64, 40, 290, 0, 214.7, 31.4
1, 130505, 18/01/2019 02:00:06, ODS_SUPPORT_GROUP, 0.2, 0.6, 33.5, 0.4, 0, 0, 1, 16, 26, 14, 0, 940.5, 0
1, 130506, 18/01/2019 02:20:27, ODS_SUPPORT_GROUP, 0, 0, 0.8, 0, 0, 0, 0, 0, 6, 0, 0, 0, 0
1, 130507, 18/01/2019 02:40:34, ODS_SUPPORT_GROUP, 0.4, 0.5, 65.4, 0.1, 0, 0, 1, 32, 44, 70, 0, 14.9, 1.8
1, 130508, 18/01/2019 03:00:03, ODS_SUPPORT_GROUP, 0.1, 0.2, 17.8, 0.1, 0, 0, 2, 36, 43, 28, 0, 5.8, 1.9
1, 130509, 18/01/2019 03:20:04, ODS_SUPPORT_GROUP, 0.4, 0.4, 73.8, 0, 0, 0, 1, 4, 8, 20, 0, 10.3, 0.1
1, 130510, 18/01/2019 03:40:11, ODS_SUPPORT_GROUP, 0.3, 0.6, 18.2, 0.2, 0, 0, 1, 32, 44, 17, 0.1, 6.2, 7.8
1, 130511, 18/01/2019 04:00:13, ODS_SUPPORT_GROUP, 0, 0, 1.1, 0, 0, 0, 1, 4, 6, 2, 0, 0.7, 0.8
1, 130512, 18/01/2019 04:20:04, ODS_SUPPORT_GROUP, 1.9, 5.6, 106, 3.6, 0, 0, 10, 117, 128, 1699, 0.1, 1363.7, 67.8
1, 130513, 18/01/2019 04:40:16, ODS_SUPPORT_GROUP, 1, 1.8, 44.3, 0.8, 0, 0, 4, 51, 58, 694, 0, 700.6, 75.9
1, 130514, 18/01/2019 05:00:28, ODS_SUPPORT_GROUP, 1.3, 2.4, 48.2, 1.1, 0, 0, 6, 67, 75, 2734, 0, 742, 83.2
1, 130515, 18/01/2019 05:20:45, ODS_SUPPORT_GROUP, 0.8, 1.1, 122.8, 0.3, 0, 0, 2, 64, 77, 831, 0, 414.9, 82.5
1, 130516, 18/01/2019 05:40:21, ODS_SUPPORT_GROUP, 1.5, 5.4, 301, 2.6, 0, 0, 0, 0, 22, 327, 1.3, 66.4, 5607.9
1, 130517, 18/01/2019 06:00:31, ODS_SUPPORT_GROUP, 2.4, 6.4, 363.7, 1.4, 0, 0, 0, 0, 6, 513, 2.6, 126.8, 10561.6
1, 130518, 18/01/2019 06:20:19, ODS_SUPPORT_GROUP, 2.5, 5.6, 319.8, 0.2, 0, 0, 0, 0, 6, 599, 2.9, 118.8, 10079.9
1, 130519, 18/01/2019 06:40:04, ODS_SUPPORT_GROUP, 0.2, 0.4, 17.5, 0, 0, 0, 1, 15, 8, 19, 0.2, 6.6, 698
1, 130520, 18/01/2019 07:00:00, ODS_SUPPORT_GROUP, 0, 0, 7.2, 0, 0, 0, 1, 8, 17, 4, 0, 17.2, 0
1, 130521, 18/01/2019 07:20:09, ODS_SUPPORT_GROUP, 0, 0, 2.2, 0, 0, 0, 0, 0, 6, 0, 0, 0, 0
1, 130523, 18/01/2019 08:00:04, ODS_SUPPORT_GROUP, 0, 0, 0, 0, 0, 0, 0, 0, 5, 0, 0, 0, 0
1, 130524, 18/01/2019 08:20:21, ODS_SUPPORT_GROUP, 0.3, 2.1, 23.5, 1.5, 1, 0.1, 0, 0, 22, 66, 0.3, 4.9, 537.7
1, 130525, 18/01/2019 08:40:04, ODS_SUPPORT_GROUP, 0.7, 3.9, 38.2, 2.5, 1, 0, 2, 24, 16, 143, 0.7, 29.7, 1353
1, 130526, 18/01/2019 09:00:14, ODS_SUPPORT_GROUP, 0, 0, 5.9, 0, 1, 0, 0, 0, 10, 0, 0, 0, 0
1, 130527, 18/01/2019 09:20:07, ODS_SUPPORT_GROUP, 0.5, 1.1, 52.5, 0.6, 0, 0.1, 1, 32, 44, 159, 0, 3949.1, 9.8
1, 130528, 18/01/2019 09:40:18, ODS_SUPPORT_GROUP, 0, 0, 20.6, 0, 0, 0, 0, 0, 7, 1, 0, 0, 0.6
1, 130529, 18/01/2019 10:00:37, ODS_SUPPORT_GROUP, 0.6, 1.7, 22.6, 0.6, 1, 0.1, 0, 0, 41, 216, 0.5, 226.3, 990.6
1, 130499, 18/01/2019 00:00:03, OTHER_GROUPS, 12.9, 33.4, 7749.6, 13.6, 0, 0, 289, 2272, 3351, 8606, 6.9, 84.5, 3606.9
1, 130500, 18/01/2019 00:20:09, OTHER_GROUPS, 12.8, 59.2, 9685, 38.3, 0, 0, 0, 0, 1056, 8785, 8.1, 70.5, 2795.5
1, 130501, 18/01/2019 00:40:19, OTHER_GROUPS, 13.5, 36.2, 6856.4, 20.1, 0, 0, 0, 0, 828, 6724, 2.6, 54.3, 2245.8
1, 130502, 18/01/2019 01:00:25, OTHER_GROUPS, 18.8, 44.1, 7932.9, 19.8, 0, 0, 0, 0, 1463, 16164, 5.5, 65.6, 3416.4
1, 130503, 18/01/2019 01:20:05, OTHER_GROUPS, 11.6, 29.5, 7174.3, 12.6, 0, 0, 1, 24, 1162, 6962, 5.3, 143.5, 3667.4
1, 130504, 18/01/2019 01:40:02, OTHER_GROUPS, 7.4, 26.6, 6902, 15.8, 0, 0, 1, 22, 1309, 4217, 3.4, 114.5, 3127.7
1, 130505, 18/01/2019 02:00:06, OTHER_GROUPS, 10, 31.6, 8854.8, 16.2, 0, 0, 1, 16, 1350, 7896, 5.4, 106, 3323.1
1, 130506, 18/01/2019 02:20:27, OTHER_GROUPS, 10.8, 29.9, 8253.4, 16.4, 0, 0, 1, 16, 1647, 7899, 2.7, 42.1, 2275.3
1, 130507, 18/01/2019 02:40:34, OTHER_GROUPS, 12.9, 37.4, 7518.5, 21.1, 0, 0, 0, 0, 1734, 8728, 3.4, 47.2, 2788.7
1, 130508, 18/01/2019 03:00:03, OTHER_GROUPS, 11.8, 41.6, 7229.4, 18.8, 0, 0, 0, 0, 688, 7310, 11, 59.5, 4444.5
1, 130509, 18/01/2019 03:20:04, OTHER_GROUPS, 8.5, 34.9, 7768.7, 19.4, 0, 0, 0, 0, 792, 4335, 7, 47.8, 2969
1, 130510, 18/01/2019 03:40:11, OTHER_GROUPS, 8.6, 48.6, 7622.2, 25.5, 0, 0, 0, 0, 644, 4037, 14.5, 46.8, 2824.8
1, 130511, 18/01/2019 04:00:13, OTHER_GROUPS, 14.7, 55.2, 29158.1, 35.3, 0, 0, 0, 0, 2136, 10682, 5.2, 230.3, 5308.1
1, 130512, 18/01/2019 04:20:04, OTHER_GROUPS, 17.5, 42.3, 34786.5, 19.6, 0, 0, 0, 0, 2282, 12379, 5.2, 752.3, 4015.8
1, 130513, 18/01/2019 04:40:16, OTHER_GROUPS, 15.9, 32.2, 37350.6, 12.9, 0, 0, 0, 0, 2288, 10065, 3.4, 777.3, 3173.4
1, 130514, 18/01/2019 05:00:28, OTHER_GROUPS, 11.4, 64.8, 25328.2, 50.6, 0, 0, 0, 0, 1424, 6918, 2.8, 452.5, 2766.9
1, 130515, 18/01/2019 05:20:45, OTHER_GROUPS, 12.6, 34.6, 5519.1, 19.1, 0, 0, 0, 0, 1590, 8980, 2.9, 74.9, 4178.6
1, 130516, 18/01/2019 05:40:21, OTHER_GROUPS, 13.9, 48.3, 11733.1, 29.5, 0, 0, 0, 0, 2007, 10931, 4.9, 78.4, 3795.3
1, 130517, 18/01/2019 06:00:31, OTHER_GROUPS, 17.3, 49.4, 7834, 28, 0, 0, 0, 0, 790, 13748, 4.1, 93.6, 5617.8
1, 130518, 18/01/2019 06:20:19, OTHER_GROUPS, 20, 58.2, 7922.8, 34, 0, 0, 0, 0, 641, 18362, 4.2, 85.1, 4516.9
1, 130519, 18/01/2019 06:40:04, OTHER_GROUPS, 14.2, 34.3, 7267.2, 16.2, 0, 0, 0, 0, 669, 9856, 3.9, 74.2, 3224.9
1, 130520, 18/01/2019 07:00:00, OTHER_GROUPS, 22.2, 52.7, 7961.2, 21.4, 0, 0, 0, 0, 833, 22133, 9.1, 102.9, 6628.8
1, 130521, 18/01/2019 07:20:09, OTHER_GROUPS, 23.5, 79.4, 9409.8, 48.8, 0, 0, 0, 0, 797, 22989, 7.1, 108, 6164.2
1, 130522, 18/01/2019 07:40:16, OTHER_GROUPS, 25, 73.5, 7885.7, 40.2, 0, 0, 0, 0, 682, 32058, 8.3, 122.9, 7937.7
1, 130523, 18/01/2019 08:00:04, OTHER_GROUPS, 25.1, 90, 8311.3, 52.9, 0, 0, 0, 0, 702, 32378, 12, 132.8, 9527.7
1, 130524, 18/01/2019 08:20:21, OTHER_GROUPS, 23.4, 78, 7787.2, 43.3, 0, 0, 0, 0, 665, 27925, 11.3, 118.8, 7020.6
1, 130525, 18/01/2019 08:40:04, OTHER_GROUPS, 25.1, 83.1, 8305.7, 42.2, 0, 0, 0, 0, 938, 45023, 15.8, 149.5, 10238.5
1, 130526, 18/01/2019 09:00:14, OTHER_GROUPS, 18.8, 86.1, 8612.4, 49.2, 0, 0, 0, 0, 979, 23344, 18.1, 137.8, 9584.5
1, 130527, 18/01/2019 09:20:07, OTHER_GROUPS, 14.3, 77.1, 7713.3, 51.7, 1, 0.1, 0, 0, 731, 17849, 11.1, 98.5, 6344.1
1, 130528, 18/01/2019 09:40:18, OTHER_GROUPS, 17.5, 60.6, 7987.9, 27.7, 0, 0, 1, 18, 749, 17122, 15.4, 2539.1, 8301.3
1, 130529, 18/01/2019 10:00:37, OTHER_GROUPS, 21.5, 73.2, 9020.4, 37, 1, 0.1, 1, 9, 799, 22709, 14.7, 190.9, 8797.6
2, 130499, 18/01/2019 00:00:03, ADW_UNLOAD_GROUP, 0.4, 0.7, 262.7, 0, 0, 0, 14, 176, 664, 94, 0.3, 668.2, 540.8
2, 130500, 18/01/2019 00:20:09, ADW_UNLOAD_GROUP, 0.1, 0.9, 268.9, 0.5, 0, 0, 0, 0, 228, 0, 0.3, 4.1, 516.6
2, 130501, 18/01/2019 00:40:18, ADW_UNLOAD_GROUP, 0.1, 0.5, 326.5, 0.1, 0, 0, 0, 0, 369, 5, 0.3, 3.3, 414.9
2, 130502, 18/01/2019 01:00:25, ADW_UNLOAD_GROUP, 0.1, 0.4, 243, 0, 0, 0, 0, 0, 640, 8, 0.3, 4.1, 455.9
2, 130503, 18/01/2019 01:20:05, ADW_UNLOAD_GROUP, 13.3, 18, 5238, 4, 0, 0, 60, 1654, 3334, 27482, 0.7, 6669.8, 554.2
2, 130504, 18/01/2019 01:40:06, ADW_UNLOAD_GROUP, 30.2, 35.4, 10910.5, 4.4, 0, 0, 92, 2544, 18677, 55407, 0.8, 15537.6, 815.4
2, 130505, 18/01/2019 02:00:05, ADW_UNLOAD_GROUP, 14.3, 15.1, 5069.7, 0, 0, 0, 26, 682, 1278, 8711, 0.8, 7008.1, 637
2, 130506, 18/01/2019 02:20:27, ADW_UNLOAD_GROUP, 0.3, 0.8, 335.8, 0.1, 0, 0, 12, 336, 719, 63, 0.4, 1827.2, 534.1
2, 130507, 18/01/2019 02:40:34, ADW_UNLOAD_GROUP, 0.1, 0.4, 219.4, 0, 0, 0, 0, 0, 330, 1, 0.3, 3.8, 487.7
2, 130508, 18/01/2019 03:00:03, ADW_UNLOAD_GROUP, 0.1, 0.4, 281.4, 0, 0, 0, 0, 0, 308, 1, 0.3, 3.8, 490.9
2, 130509, 18/01/2019 03:20:04, ADW_UNLOAD_GROUP, 0.1, 0.4, 325, 0, 0, 0, 0, 0, 638, 0, 0.3, 4.1, 524
2, 130510, 18/01/2019 03:40:11, ADW_UNLOAD_GROUP, 0.1, 0.4, 299.9, 0, 0, 0, 0, 0, 562, 0, 0.3, 3.9, 493.7
2, 130511, 18/01/2019 04:00:13, ADW_UNLOAD_GROUP, 0.1, 0.4, 248.2, 0, 0, 0, 0, 0, 689, 1, 0.3, 3.8, 480.6
2, 130512, 18/01/2019 04:20:04, ADW_UNLOAD_GROUP, 0.1, 0.4, 267.2, 0, 0, 0, 0, 0, 739, 1, 0.3, 4.2, 516.9
2, 130513, 18/01/2019 04:40:17, ADW_UNLOAD_GROUP, 0.1, 0.4, 250.7, 0, 0, 0, 0, 0, 709, 0, 0.3, 4.3, 535.1
2, 130514, 18/01/2019 05:00:28, ADW_UNLOAD_GROUP, 0.1, 0.6, 381.8, 0.2, 0, 0, 0, 0, 411, 2, 0.3, 4.6, 563.5
2, 130515, 18/01/2019 05:20:31, ADW_UNLOAD_GROUP, 0.1, 0.4, 203.5, 0, 0, 0, 0, 0, 434, 1, 0.3, 4.1, 517
2, 130516, 18/01/2019 05:40:21, ADW_UNLOAD_GROUP, 0.1, 0.5, 310.4, 0.1, 0, 0, 0, 0, 605, 1, 0.3, 4.3, 541.3
2, 130517, 18/01/2019 06:00:32, ADW_UNLOAD_GROUP, 0.1, 0.4, 318.7, 0, 0, 0, 0, 0, 729, 1, 0.3, 4.3, 545.2
2, 130518, 18/01/2019 06:20:19, ADW_UNLOAD_GROUP, 0.1, 0.4, 247, 0, 0, 0, 0, 0, 693, 1, 0.3, 4, 498.4
2, 130519, 18/01/2019 06:40:04, ADW_UNLOAD_GROUP, 0.1, 0.4, 287.7, 0, 0, 0, 0, 0, 456, 0, 0.3, 4.4, 564.9
2, 130520, 18/01/2019 07:00:00, ADW_UNLOAD_GROUP, 4, 4.6, 858.3, 0.3, 0, 0, 1, 32, 600, 1731, 0.3, 185.4, 522.3
2, 130521, 18/01/2019 07:20:09, ADW_UNLOAD_GROUP, 1, 1.5, 395.7, 0.2, 0, 0, 0, 0, 470, 329, 0.3, 170.6, 528.1
2, 130522, 18/01/2019 07:40:13, ADW_UNLOAD_GROUP, 0.1, 0.4, 287.9, 0, 0, 0, 0, 0, 488, 0, 0.3, 3.6, 447.3
2, 130523, 18/01/2019 08:00:04, ADW_UNLOAD_GROUP, 0.1, 0.4, 209.8, 0, 0, 0, 0, 0, 718, 1, 0.3, 3.3, 416
2, 130524, 18/01/2019 08:20:21, ADW_UNLOAD_GROUP, 0.1, 0.5, 331.4, 0.1, 0, 0, 0, 0, 704, 0, 0.3, 3, 379.5
2, 130525, 18/01/2019 08:40:05, ADW_UNLOAD_GROUP, 0.1, 0.4, 282.5, 0, 0, 0, 0, 0, 658, 0, 0.3, 3, 383.8
2, 130526, 18/01/2019 09:00:14, ADW_UNLOAD_GROUP, 0.1, 0.4, 269.8, 0, 0, 0, 0, 0, 132, 0, 0.3, 3.2, 408.2
2, 130527, 18/01/2019 09:20:07, ADW_UNLOAD_GROUP, 0.1, 0.5, 298.5, 0.1, 0, 0, 0, 0, 482, 0, 0.3, 3.3, 420.2
2, 130528, 18/01/2019 09:40:18, ADW_UNLOAD_GROUP, 0.1, 0.4, 271, 0, 0, 0, 0, 0, 538, 0, 0.3, 3, 378.3
2, 130529, 18/01/2019 10:00:40, ADW_UNLOAD_GROUP, 0.1, 0.4, 293.9, 0, 0, 0, 0, 0, 545, 1, 0.3, 2.9, 371.7
2, 130499, 18/01/2019 00:00:03, FP_DM_PRIOR, 16.3, 33.6, 13636.4, 3.7, 0, 0, 1, 16, 131, 14281, 13.6, 985.4, 40598.4
2, 130500, 18/01/2019 00:20:09, FP_DM_PRIOR, 15.5, 29.5, 21318.2, 5.9, 0, 0, 10, 304, 325, 11200, 8.1, 867.3, 24652.9
2, 130501, 18/01/2019 00:40:18, FP_DM_PRIOR, 15.5, 30.2, 10394.8, 8.7, 1, 0, 77, 1828, 1873, 9095, 6, 1278.4, 12108.3
2, 130502, 18/01/2019 01:00:25, FP_DM_PRIOR, 11, 23.8, 6836.7, 7.3, 0, 0, 33, 388, 407, 6216, 5.5, 589.1, 12293.4
2, 130503, 18/01/2019 01:20:05, FP_DM_PRIOR, 9.3, 21.1, 5685, 7.1, 0, 0, 10, 129, 150, 6614, 4.7, 455.3, 10334.6
2, 130504, 18/01/2019 01:40:06, FP_DM_PRIOR, 9, 15.6, 2647.5, 5.6, 0, 0, 3, 80, 52, 4244, 1, 164.1, 2016.5
2, 130505, 18/01/2019 02:00:05, FP_DM_PRIOR, 5.2, 9.9, 1561.8, 3.3, 0, 0, 2, 48, 22, 2568, 1.4, 96.7, 2320.3
2, 130506, 18/01/2019 02:20:27, FP_DM_PRIOR, 4.8, 13, 1681, 6.1, 0, 0, 118, 2988, 3291, 2693, 2.1, 1778.9, 4360.7
2, 130507, 18/01/2019 02:40:34, FP_DM_PRIOR, 2.8, 11.4, 1461.3, 7.2, 0, 0, 14, 219, 280, 1075, 1.4, 218.4, 3262.7
2, 130508, 18/01/2019 03:00:03, FP_DM_PRIOR, 3.1, 9.4, 1251.1, 4.4, 0, 0, 5, 62, 59, 697, 1.9, 132.4, 3821.9
2, 130509, 18/01/2019 03:20:04, FP_DM_PRIOR, 3.8, 9.5, 1502.1, 3.7, 0, 0, 2, 4, 34, 882, 2, 108.1, 2626.1
2, 130510, 18/01/2019 03:40:11, FP_DM_PRIOR, 4.2, 14.5, 3730.5, 6.5, 0, 0, 56, 1216, 1459, 1773, 3.8, 589.7, 2506.1
2, 130511, 18/01/2019 04:00:13, FP_DM_PRIOR, 4.3, 14.1, 1746.3, 8.4, 0, 0, 24, 614, 690, 1916, 1.4, 656.6, 3344.8
2, 130512, 18/01/2019 04:20:04, FP_DM_PRIOR, 3.9, 8.9, 1778.3, 3.6, 0, 0, 4, 59, 18, 1685, 1.4, 263.2, 3348.5
2, 130513, 18/01/2019 04:40:17, FP_DM_PRIOR, 1.2, 4.7, 447.1, 2.6, 0, 0, 3, 66, 72, 344, 0.9, 95, 4067.1
2, 130514, 18/01/2019 05:00:28, FP_DM_PRIOR, 5.6, 17, 1633.5, 8.6, 0, 0, 45, 1052, 1299, 3222, 2.8, 1584.1, 13714.1
2, 130515, 18/01/2019 05:20:31, FP_DM_PRIOR, 4, 10, 1240.5, 3.8, 0, 0, 23, 488, 553, 1963, 2.2, 648, 13935.5
2, 130516, 18/01/2019 05:40:21, FP_DM_PRIOR, 3.2, 9.1, 1025.2, 4.6, 0, 0, 0, 0, 0, 1190, 1.3, 423.5, 15840.3
2, 130517, 18/01/2019 06:00:32, FP_DM_PRIOR, 4.2, 10.3, 1621.6, 4.6, 0, 0, 1, 16, 105, 1522, 1.5, 367.7, 13794.1
2, 130518, 18/01/2019 06:20:19, FP_DM_PRIOR, 7.9, 16.2, 2385.9, 6.4, 0, 0, 73, 1736, 1910, 4601, 1.9, 2217.6, 15343.1
2, 130519, 18/01/2019 06:40:04, FP_DM_PRIOR, 3.5, 6.9, 1711.8, 3, 0, 0, 5, 96, 55, 1317, 0.4, 410.8, 6566.8
2, 130520, 18/01/2019 07:00:00, FP_DM_PRIOR, 0.6, 0.7, 676.3, 0.1, 0, 0, 1, 4, 24, 62, 0, 16.9, 11.9
2, 130521, 18/01/2019 07:20:09, FP_DM_PRIOR, 4.4, 6.8, 1510.8, 2.2, 0, 0, 16, 312, 569, 1977, 0.2, 1148.3, 717.6
2, 130522, 18/01/2019 07:40:13, FP_DM_PRIOR, 8, 13.7, 1925.9, 5.3, 0, 0, 11, 304, 298, 4013, 0.4, 817.9, 1977.2
2, 130523, 18/01/2019 08:00:04, FP_DM_PRIOR, 8.2, 11.1, 3433.1, 2.4, 0, 0, 0, 0, 71, 3891, 0.5, 261.6, 811.9
2, 130524, 18/01/2019 08:20:21, FP_DM_PRIOR, 5.6, 5.6, 17528.1, 0, 0, 0, 0, 0, 0, 1764, 0, 53.1, 0
2, 130525, 18/01/2019 08:40:05, FP_DM_PRIOR, 5.3, 6.8, 15426.7, 1.5, 0, 0, 0, 0, 0, 608, 0, 39.5, 0
2, 130526, 18/01/2019 09:00:14, FP_DM_PRIOR, 4.4, 7.9, 12413.1, 2.8, 9, 0.4, 21, 488, 631, 1601, 0.7, 1022.6, 1001.6
2, 130527, 18/01/2019 09:20:07, FP_DM_PRIOR, 5.7, 8.9, 5783.6, 2.3, 5, 0.7, 17, 528, 515, 3018, 0.9, 640.8, 2473.6
2, 130528, 18/01/2019 09:40:18, FP_DM_PRIOR, 3.2, 4.8, 745, 1.3, 5, 0.4, 18, 488, 761, 1239, 0.3, 768, 272.8
2, 130529, 18/01/2019 10:00:40, FP_DM_PRIOR, 2.4, 2.4, 909.3, 0, 0, 0, 1, 16, 27, 606, 0, 126, 0.3
2, 130499, 18/01/2019 00:00:03, HDP_UNLOAD_GROUP, 0, 0, 0.1, 0, 0, 0, 0, 0, 11, 0, 0, 0, 0
2, 130500, 18/01/2019 00:20:09, HDP_UNLOAD_GROUP, 4.2, 21.8, 1018.6, 16.4, 1, 0, 13, 128, 517, 6451, 1.2, 5007.2, 505.9
2, 130501, 18/01/2019 00:40:18, HDP_UNLOAD_GROUP, 9.6, 39, 2309.7, 26.1, 0, 0, 32, 312, 457, 14055, 3.3, 6383.9, 1199.1
2, 130502, 18/01/2019 01:00:25, HDP_UNLOAD_GROUP, 9, 22.1, 2969.3, 9.7, 1, 0, 41, 360, 574, 8853, 3.4, 793.5, 815.9
2, 130503, 18/01/2019 01:20:05, HDP_UNLOAD_GROUP, 6.8, 20, 2339.3, 4.6, 0, 0, 52, 504, 923, 3253, 8.6, 379.3, 2665.5
2, 130504, 18/01/2019 01:40:06, HDP_UNLOAD_GROUP, 7.8, 13.4, 1071.7, 0.9, 0, 0, 47, 412, 675, 4013, 4.7, 357.2, 1429.6
2, 130505, 18/01/2019 02:00:05, HDP_UNLOAD_GROUP, 5.4, 5.5, 1649.3, 0, 0, 0, 46, 384, 734, 2035, 0.1, 494.6, 44.6
2, 130506, 18/01/2019 02:20:27, HDP_UNLOAD_GROUP, 2.6, 3.2, 1242.6, 0.6, 0, 0, 25, 200, 353, 590, 0, 328.8, 7.7
2, 130507, 18/01/2019 02:40:34, HDP_UNLOAD_GROUP, 2.2, 2.4, 156.4, 0.2, 0, 0, 33, 280, 521, 506, 0, 176.6, 2.1
2, 130511, 18/01/2019 04:00:13, HDP_UNLOAD_GROUP, 0, 0, 0.9, 0, 0, 0, 12, 96, 192, 2, 0, 2.2, 2.8
2, 130515, 18/01/2019 05:20:31, HDP_UNLOAD_GROUP, 1, 1, 50.2, 0, 0, 0, 10, 160, 237, 233, 0, 134.5, 13.7
2, 130516, 18/01/2019 05:40:21, HDP_UNLOAD_GROUP, 0.4, 0.6, 72.2, 0.2, 0, 0, 4, 64, 74, 137, 0, 31.8, 0.3
2, 130517, 18/01/2019 06:00:32, HDP_UNLOAD_GROUP, 0.1, 0.1, 17.4, 0, 0, 0, 1, 16, 20, 21, 0, 4, 1.5
2, 130523, 18/01/2019 08:00:04, HDP_UNLOAD_GROUP, 0.1, 0.4, 26.2, 0.3, 0, 0, 0, 0, 10, 4, 0, 1.3, 2
2, 130524, 18/01/2019 08:20:21, HDP_UNLOAD_GROUP, 0.1, 0.3, 46, 0.2, 0, 0, 0, 0, 0, 8, 0, 2.2, 1.4
2, 130525, 18/01/2019 08:40:05, HDP_UNLOAD_GROUP, 0, 0, 15.6, 0, 0, 0, 0, 0, 0, 2, 0, 1, 0
2, 130499, 18/01/2019 00:00:03, ODS_SUPPORT_GROUP, 0, 0, 2.9, 0, 0, 0, 0, 0, 9, 7, 0, 0, 0
2, 130502, 18/01/2019 01:00:25, ODS_SUPPORT_GROUP, 0, 0, 2.6, 0, 0, 0, 0, 0, 8, 4, 0, 0, 0
2, 130503, 18/01/2019 01:20:05, ODS_SUPPORT_GROUP, 0, 0, 0.9, 0, 0, 0, 0, 0, 7, 1, 0, 0, 0
2, 130504, 18/01/2019 01:40:06, ODS_SUPPORT_GROUP, 0.1, 0.2, 15.3, 0.1, 0, 0, 0, 0, 69, 62, 0, 58.9, 1.6
2, 130505, 18/01/2019 02:00:05, ODS_SUPPORT_GROUP, 0.4, 0.7, 49.4, 0, 0, 0, 2, 52, 7, 166, 0.3, 67.4, 16.3
2, 130506, 18/01/2019 02:20:27, ODS_SUPPORT_GROUP, 0, 0, 7.1, 0, 0, 0, 0, 0, 26, 5, 0, 0, 0.7
2, 130507, 18/01/2019 02:40:34, ODS_SUPPORT_GROUP, 0.3, 1.8, 351.3, 1.4, 0, 0, 1, 8, 66, 59, 0.1, 627.1, 260.7
2, 130508, 18/01/2019 03:00:03, ODS_SUPPORT_GROUP, 5, 12.2, 1244.3, 6.9, 1, 0, 4, 64, 71, 7812, 0.3, 1259.3, 212.4
2, 130509, 18/01/2019 03:20:04, ODS_SUPPORT_GROUP, 5.1, 14.7, 1480.7, 9.2, 0, 0, 4, 64, 72, 13257, 0.4, 1666.6, 164.9
2, 130510, 18/01/2019 03:40:11, ODS_SUPPORT_GROUP, 2.9, 8.1, 1002.7, 4.7, 0, 0, 6, 112, 73, 5629, 0.5, 649.9, 287.3
2, 130511, 18/01/2019 04:00:13, ODS_SUPPORT_GROUP, 0.4, 1.7, 571.1, 1, 0, 0, 1, 32, 45, 45, 0.3, 13.5, 465
2, 130512, 18/01/2019 04:20:04, ODS_SUPPORT_GROUP, 0.8, 1.8, 544.4, 0.7, 0, 0, 2, 24, 36, 375, 0.3, 277.2, 498.5
2, 130513, 18/01/2019 04:40:17, ODS_SUPPORT_GROUP, 0.6, 1.5, 1001.6, 0.6, 0, 0, 3, 10, 50, 73, 0.3, 83.8, 573.9
2, 130514, 18/01/2019 05:00:28, ODS_SUPPORT_GROUP, 0.7, 1.9, 544.7, 1, 0, 0, 4, 67, 46, 299, 0.2, 930.6, 288.5
2, 130515, 18/01/2019 05:20:31, ODS_SUPPORT_GROUP, 1.1, 1.9, 89.6, 0.8, 0, 0, 5, 98, 109, 395, 0, 1563.3, 19.7
2, 130516, 18/01/2019 05:40:21, ODS_SUPPORT_GROUP, 0.3, 0.3, 16.3, 0, 0, 0, 5, 20, 27, 9, 0, 164.7, 0
2, 130517, 18/01/2019 06:00:32, ODS_SUPPORT_GROUP, 0, 0, 3.4, 0, 0, 0, 0, 0, 11, 1, 0, 0, 0
2, 130518, 18/01/2019 06:20:19, ODS_SUPPORT_GROUP, 0.1, 0.5, 13.9, 0.3, 0, 0, 2, 48, 60, 8, 0.1, 138.7, 17
2, 130519, 18/01/2019 06:40:04, ODS_SUPPORT_GROUP, 0.1, 0.3, 5.2, 0.1, 0, 0, 1, 16, 24, 10, 0.1, 3, 61.2
2, 130520, 18/01/2019 07:00:00, ODS_SUPPORT_GROUP, 0, 0, 0.6, 0, 0, 0, 0, 0, 5, 0, 0, 0, 0
2, 130522, 18/01/2019 07:40:13, ODS_SUPPORT_GROUP, 0, 0.2, 9.8, 0.2, 0, 0, 0, 0, 28, 6, 0, 3.9, 3.9
2, 130523, 18/01/2019 08:00:04, ODS_SUPPORT_GROUP, 0.6, 4.7, 247.6, 3.3, 0, 0, 1, 16, 9, 163, 0.8, 277.2, 1478.9
2, 130524, 18/01/2019 08:20:21, ODS_SUPPORT_GROUP, 0, 0, 3.2, 0, 0, 0, 0, 0, 10, 1, 0, 0, 0
2, 130525, 18/01/2019 08:40:05, ODS_SUPPORT_GROUP, 0, 0, 4.6, 0, 0, 0, 0, 0, 9, 0, 0, 0.1, 0.2
2, 130526, 18/01/2019 09:00:14, ODS_SUPPORT_GROUP, 0.6, 1.3, 87, 0.2, 1, 0, 1, 16, 24, 143, 0.5, 284.8, 1251.1
2, 130527, 18/01/2019 09:20:07, ODS_SUPPORT_GROUP, 0, 0.1, 13.4, 0.1, 0, 0, 0, 0, 13, 7, 0, 0, 0.3
2, 130528, 18/01/2019 09:40:18, ODS_SUPPORT_GROUP, 0.2, 0.5, 51.3, 0.2, 0, 0, 0, 0, 26, 47, 0.1, 46.6, 198.9
2, 130529, 18/01/2019 10:00:40, ODS_SUPPORT_GROUP, 0.4, 1.1, 55.3, 0, 0, 0, 1, 16, 12, 98, 0.7, 245.5, 1300.9
2, 130499, 18/01/2019 00:00:03, OTHER_GROUPS, 21.5, 40.5, 9361.9, 13.1, 0, 0, 12, 87, 909, 21865, 5.9, 953.8, 2032.8
2, 130500, 18/01/2019 00:20:09, OTHER_GROUPS, 23.6, 71.6, 10551.3, 33.9, 0, 0, 2, 16, 798, 21806, 14.1, 322.6, 1972.4
2, 130501, 18/01/2019 00:40:18, OTHER_GROUPS, 32.9, 68.9, 8893.1, 31.8, 0, 0, 5, 40, 1043, 27961, 4.2, 392.4, 2387.7
2, 130502, 18/01/2019 01:00:25, OTHER_GROUPS, 27.4, 55.1, 8972.9, 23.5, 0, 0, 12, 96, 1695, 26331, 4.2, 442.1, 5074.4
2, 130503, 18/01/2019 01:20:05, OTHER_GROUPS, 30.5, 66.5, 12193.7, 30.5, 0, 0, 10, 79, 1167, 36594, 5.5, 936.1, 5967.9
2, 130504, 18/01/2019 01:40:06, OTHER_GROUPS, 27.5, 53.3, 10322.7, 23.3, 0, 0, 2, 16, 1109, 35663, 2.5, 343, 1821.9
2, 130505, 18/01/2019 02:00:05, OTHER_GROUPS, 29.1, 50.2, 9195.8, 17, 0, 0, 9, 72, 1350, 43386, 4.1, 3660.8, 2363.7
2, 130506, 18/01/2019 02:20:27, OTHER_GROUPS, 27.9, 46.6, 15365.4, 16.9, 0, 0, 18, 129, 1492, 42415, 1.8, 564.7, 1731.5
2, 130507, 18/01/2019 02:40:34, OTHER_GROUPS, 27.5, 43.4, 12867.2, 14.4, 1, 0, 14, 120, 1608, 41465, 1.5, 165.4, 1419.7
2, 130508, 18/01/2019 03:00:03, OTHER_GROUPS, 27.4, 43.5, 9312.2, 13.2, 1, 0, 19, 140, 713, 28467, 2.9, 519.9, 2054.2
2, 130509, 18/01/2019 03:20:04, OTHER_GROUPS, 24.2, 42.3, 9492.2, 12.6, 0, 0, 12, 96, 702, 23425, 5.5, 176.1, 2158.1
2, 130510, 18/01/2019 03:40:11, OTHER_GROUPS, 20.8, 42.8, 9210.7, 11.9, 0, 0, 12, 80, 827, 25236, 10.1, 180.2, 1936.9
2, 130511, 18/01/2019 04:00:13, OTHER_GROUPS, 23, 43.5, 32524.4, 18.6, 0, 0, 0, 0, 638, 29916, 1.9, 237.6, 2082.7
2, 130512, 18/01/2019 04:20:04, OTHER_GROUPS, 29.7, 44, 41272.3, 10.2, 0, 0, 0, 0, 624, 40492, 4.1, 853.8, 3182.3
2, 130513, 18/01/2019 04:40:17, OTHER_GROUPS, 24.9, 36, 44231.4, 7.5, 0, 0, 0, 0, 630, 25988, 3.6, 911.6, 3440.1
2, 130514, 18/01/2019 05:00:28, OTHER_GROUPS, 16.5, 55.9, 48912.3, 36, 0, 0, 0, 0, 800, 13744, 3.4, 730.1, 3437
2, 130515, 18/01/2019 05:20:31, OTHER_GROUPS, 9.3, 22, 9635.4, 10.4, 0, 0, 0, 0, 624, 8149, 2.3, 90, 2740.2
2, 130516, 18/01/2019 05:40:21, OTHER_GROUPS, 8.5, 28.2, 12077.8, 17.8, 0, 0, 1, 16, 654, 7390, 1.9, 163.4, 2860.7
2, 130517, 18/01/2019 06:00:32, OTHER_GROUPS, 8.7, 28.1, 10115.5, 16.4, 0, 0, 0, 0, 594, 7539, 3, 204.2, 3688.1
2, 130518, 18/01/2019 06:20:19, OTHER_GROUPS, 7.9, 26, 8628.9, 15.4, 0, 0, 0, 0, 601, 5551, 2.7, 134.7, 3316.6
2, 130519, 18/01/2019 06:40:04, OTHER_GROUPS, 5.6, 18.7, 12377, 10.6, 0, 0, 1, 16, 798, 3297, 2.5, 75.3, 4537.5
2, 130520, 18/01/2019 07:00:00, OTHER_GROUPS, 6.9, 18.2, 8884.6, 8.1, 0, 0, 0, 0, 588, 4473, 3.2, 188.8, 4819.5
2, 130521, 18/01/2019 07:20:09, OTHER_GROUPS, 8.1, 35.3, 11161.1, 24.2, 0, 0, 0, 0, 619, 8741, 3, 183.5, 5282
2, 130522, 18/01/2019 07:40:13, OTHER_GROUPS, 10, 34.5, 10105.7, 20.5, 0, 0, 0, 0, 806, 11370, 4, 152, 4841.1
2, 130523, 18/01/2019 08:00:04, OTHER_GROUPS, 16.6, 59.3, 22231.5, 38, 0, 0, 1, 32, 702, 29843, 4.7, 2388.1, 4739.8
2, 130524, 18/01/2019 08:20:21, OTHER_GROUPS, 13.3, 41.3, 9559.2, 24.5, 1, 0.1, 1, 16, 638, 19775, 3.5, 116.1, 4071.4
2, 130525, 18/01/2019 08:40:05, OTHER_GROUPS, 13.6, 43.6, 11665.3, 24.1, 3, 0.1, 3, 112, 804, 20855, 5.9, 193, 5317.9
2, 130526, 18/01/2019 09:00:14, OTHER_GROUPS, 20.8, 61.4, 11616.8, 32.6, 1, 0, 2, 96, 738, 41923, 8, 326.7, 5824.5
2, 130527, 18/01/2019 09:20:07, OTHER_GROUPS, 25.5, 79.3, 11656.9, 47.6, 0, 0, 0, 0, 728, 66905, 6.2, 531.2, 5306.3
2, 130528, 18/01/2019 09:40:18, OTHER_GROUPS, 22.9, 51.4, 12273.4, 22.1, 2, 0.1, 2, 64, 807, 45088, 6.4, 348.2, 5464.2
2, 130529, 18/01/2019 10:00:40, OTHER_GROUPS, 17.2, 42.9, 11812.7, 18.9, 1, 0, 3, 98, 787, 29601, 6.8, 173.3, 7157
3, 130501, 18/01/2019 00:40:19, ADW_UNLOAD_GROUP, 0, 0, 0, 0, 0, 0, 0, 0, 44, 1, 0, 0, 0
3, 130502, 18/01/2019 01:00:25, ADW_UNLOAD_GROUP, 0, 0, 0, 0, 0, 0, 0, 0, 39, 2, 0, 0, 0
3, 130504, 18/01/2019 01:40:06, ADW_UNLOAD_GROUP, 0, 0, 0, 0, 0, 0, 0, 0, 44, 0, 0, 0, 0
3, 130507, 18/01/2019 02:40:34, ADW_UNLOAD_GROUP, 0, 0, 0, 0, 0, 0, 0, 0, 39, 1, 0, 0, 0
3, 130508, 18/01/2019 03:00:02, ADW_UNLOAD_GROUP, 0, 0, 0, 0, 0, 0, 0, 0, 44, 2, 0, 0, 0
3, 130510, 18/01/2019 03:40:11, ADW_UNLOAD_GROUP, 0, 0, 0, 0, 0, 0, 0, 0, 44, 0, 0, 0, 0
3, 130511, 18/01/2019 04:00:13, ADW_UNLOAD_GROUP, 0, 0, 0, 0, 0, 0, 0, 0, 44, 1, 0, 0, 0
3, 130512, 18/01/2019 04:20:04, ADW_UNLOAD_GROUP, 0, 0, 0, 0, 0, 0, 0, 0, 48, 2, 0, 0, 0
3, 130515, 18/01/2019 05:20:11, ADW_UNLOAD_GROUP, 0, 0, 0, 0, 0, 0, 0, 0, 33, 2, 0, 0, 0
3, 130516, 18/01/2019 05:40:21, ADW_UNLOAD_GROUP, 0, 0, 0, 0, 0, 0, 0, 0, 49, 0, 0, 0, 0
3, 130517, 18/01/2019 06:00:32, ADW_UNLOAD_GROUP, 0, 0, 0, 0, 0, 0, 0, 0, 42, 3, 0, 0, 0
3, 130518, 18/01/2019 06:20:19, ADW_UNLOAD_GROUP, 0, 0, 0, 0, 0, 0, 0, 0, 41, 0, 0, 0, 0
3, 130519, 18/01/2019 06:40:06, ADW_UNLOAD_GROUP, 0, 0, 0, 0, 0, 0, 0, 0, 44, 0, 0, 0, 0
3, 130520, 18/01/2019 07:00:01, ADW_UNLOAD_GROUP, 0, 0, 0, 0, 0, 0, 0, 0, 44, 0, 0, 0, 0
3, 130521, 18/01/2019 07:20:09, ADW_UNLOAD_GROUP, 0, 0, 0, 0, 0, 0, 0, 0, 49, 0, 0, 0, 0
3, 130523, 18/01/2019 08:00:02, ADW_UNLOAD_GROUP, 0, 0, 0, 0, 0, 0, 0, 0, 45, 1, 0, 0, 0
3, 130527, 18/01/2019 09:20:07, ADW_UNLOAD_GROUP, 0, 0, 0, 0, 0, 0, 0, 0, 44, 1, 0, 0, 0
3, 130529, 18/01/2019 10:00:37, ADW_UNLOAD_GROUP, 0, 0, 0, 0, 0, 0, 0, 0, 39, 1, 0, 0, 0
3, 130499, 18/01/2019 00:00:03, DM_TECH_GROUP, 1.7, 2.2, 3044.9, 0.2, 0, 0, 2, 32, 163, 311, 0.3, 352.6, 337.2
3, 130500, 18/01/2019 00:20:09, DM_TECH_GROUP, 7, 12.9, 17502.8, 4.1, 0, 0, 9, 120, 319, 2504, 1.8, 467.7, 6772.8
3, 130501, 18/01/2019 00:40:19, DM_TECH_GROUP, 12.7, 21.2, 27548.5, 3.9, 0, 0, 44, 674, 780, 6135, 4.6, 494.3, 13839.9
3, 130502, 18/01/2019 01:00:25, DM_TECH_GROUP, 12.3, 20.5, 9208.3, 4.2, 0, 0, 763, 10844, 10817, 4078, 4, 2023.7, 7128.9
3, 130503, 18/01/2019 01:20:05, DM_TECH_GROUP, 5.1, 14.3, 7648.8, 7.2, 0, 0, 54, 822, 874, 1348, 2, 654.1, 6385.8
3, 130504, 18/01/2019 01:40:06, DM_TECH_GROUP, 5.5, 14.5, 12806.6, 7.5, 0, 0, 16, 234, 228, 1349, 1.5, 868.4, 8184.7
3, 130505, 18/01/2019 02:00:05, DM_TECH_GROUP, 5.1, 11, 3034.8, 3.9, 0, 0, 68, 928, 1048, 1061, 2, 460.8, 5712.5
3, 130506, 18/01/2019 02:20:27, DM_TECH_GROUP, 4.1, 11.4, 1750.9, 6.3, 0, 0, 12, 178, 222, 746, 1, 341.8, 4958.6
3, 130507, 18/01/2019 02:40:34, DM_TECH_GROUP, 3, 9, 3893.8, 5.5, 0, 0, 47, 696, 843, 502, 0.5, 284.6, 2951.3
3, 130508, 18/01/2019 03:00:02, DM_TECH_GROUP, 7.1, 10.9, 9488.6, 1.4, 0, 0, 721, 10232, 10159, 1540, 2.4, 1926.4, 7171.3
3, 130509, 18/01/2019 03:20:04, DM_TECH_GROUP, 5.8, 14.8, 3794.4, 4.4, 0, 0, 32, 504, 614, 1519, 4.6, 548.5, 6004.3
3, 130510, 18/01/2019 03:40:11, DM_TECH_GROUP, 5.5, 15.3, 19516.9, 1.4, 0, 0, 11, 176, 159, 1697, 8.4, 665.9, 10526
3, 130511, 18/01/2019 04:00:13, DM_TECH_GROUP, 5.2, 10, 12163.2, 1.6, 0, 0, 67, 918, 952, 1663, 3.2, 536.1, 7586.1
3, 130512, 18/01/2019 04:20:04, DM_TECH_GROUP, 4.4, 7.9, 3071.1, 2.5, 0, 0, 5, 70, 104, 819, 1, 182.9, 2565.4
3, 130513, 18/01/2019 04:40:16, DM_TECH_GROUP, 4.9, 7.2, 12845.5, 1.3, 0, 0, 51, 744, 847, 1054, 1, 209, 2956.7
3, 130514, 18/01/2019 05:00:28, DM_TECH_GROUP, 6.2, 10.6, 1289.2, 1.7, 0, 0, 711, 10080, 9955, 1925, 2.7, 1868.4, 4875.1
3, 130515, 18/01/2019 05:20:11, DM_TECH_GROUP, 2.8, 5.3, 845.7, 1.6, 0, 0, 53, 836, 855, 1723, 0.9, 467.5, 2835.4
3, 130516, 18/01/2019 05:40:21, DM_TECH_GROUP, 5.2, 7.6, 3108.9, 1.5, 0, 0, 72, 952, 1119, 1776, 0.9, 617.9, 3166.8
3, 130517, 18/01/2019 06:00:32, DM_TECH_GROUP, 2.5, 4.4, 6821.2, 0.7, 0, 0, 14, 136, 156, 589, 1.2, 283, 4095.1
3, 130518, 18/01/2019 06:20:19, DM_TECH_GROUP, 1.8, 3.4, 1480, 1.5, 0, 0, 17, 256, 295, 247, 0.1, 126.7, 103
3, 130519, 18/01/2019 06:40:06, DM_TECH_GROUP, 1.5, 1.7, 624, 0.2, 0, 0, 6, 72, 72, 216, 0, 66.7, 22.4
3, 130520, 18/01/2019 07:00:01, DM_TECH_GROUP, 1.5, 1.9, 1701.5, 0.4, 0, 0, 2, 48, 32, 260, 0, 135.9, 17.3
3, 130521, 18/01/2019 07:20:09, DM_TECH_GROUP, 2.2, 2.8, 3792.1, 0.5, 0, 0, 8, 110, 213, 370, 0.1, 193, 136.7
3, 130522, 18/01/2019 07:40:16, DM_TECH_GROUP, 1, 1.7, 884, 0.7, 0, 0, 1, 16, 63, 135, 0, 55.6, 29.2
3, 130523, 18/01/2019 08:00:02, DM_TECH_GROUP, 2.9, 11.8, 1195.3, 7.8, 0, 0, 259, 3856, 3881, 707, 1.1, 1331.6, 2229.2
3, 130524, 18/01/2019 08:20:21, DM_TECH_GROUP, 1.4, 7, 999.2, 5, 38, 1.6, 174, 2432, 2445, 316, 0.6, 421.1, 1787.4
3, 130525, 18/01/2019 08:40:05, DM_TECH_GROUP, 1.4, 3.5, 765, 1.6, 32, 0.8, 120, 1688, 1709, 236, 0.5, 120, 1106.8
3, 130526, 18/01/2019 09:00:14, DM_TECH_GROUP, 1.4, 4.5, 983.7, 2.3, 22, 0.7, 80, 1104, 1139, 360, 0.8, 394.3, 3084.3
3, 130527, 18/01/2019 09:20:07, DM_TECH_GROUP, 1, 2.1, 728.5, 1, 18, 1.9, 128, 1768, 1806, 132, 0.1, 125.2, 279.8
3, 130528, 18/01/2019 09:40:18, DM_TECH_GROUP, 4.2, 10.9, 11032.3, 4, 6, 0.6, 83, 1200, 1284, 660, 2.7, 425.7, 7671.2
3, 130529, 18/01/2019 10:00:37, DM_TECH_GROUP, 3.2, 6.5, 9467.1, 2.5, 3, 0.3, 18, 256, 268, 545, 0.8, 206.3, 1800.7
3, 130499, 18/01/2019 00:00:03, ODS_SUPPORT_GROUP, 0, 0, 0, 0, 0, 0, 0, 0, 6, 0, 0, 0, 0
3, 130506, 18/01/2019 02:20:27, ODS_SUPPORT_GROUP, 0, 0, 0.3, 0, 0, 0, 0, 0, 7, 1, 0, 0, 0
3, 130507, 18/01/2019 02:40:34, ODS_SUPPORT_GROUP, 0.5, 0.8, 75.9, 0.3, 0, 0, 0, 0, 9, 68, 0, 4329.5, 77.1
3, 130508, 18/01/2019 03:00:02, ODS_SUPPORT_GROUP, 0.3, 0.6, 59.9, 0.2, 0, 0, 0, 0, 5, 61, 0.1, 1860.6, 203.9
3, 130509, 18/01/2019 03:20:04, ODS_SUPPORT_GROUP, 0.1, 0.4, 47.1, 0.1, 0, 0, 0, 0, 6, 17, 0.2, 6.3, 336.3
3, 130510, 18/01/2019 03:40:11, ODS_SUPPORT_GROUP, 0.1, 0.5, 45.8, 0.2, 0, 0, 0, 0, 6, 16, 0.2, 7.1, 378.8
3, 130511, 18/01/2019 04:00:13, ODS_SUPPORT_GROUP, 0.2, 0.5, 43.9, 0.1, 0, 0, 0, 0, 6, 23, 0.2, 15.9, 559.2
3, 130512, 18/01/2019 04:20:04, ODS_SUPPORT_GROUP, 0.2, 0.5, 44.5, 0.1, 0, 0, 0, 0, 6, 20, 0.2, 10.3, 516
3, 130513, 18/01/2019 04:40:16, ODS_SUPPORT_GROUP, 0.3, 0.5, 46.8, 0, 0, 0, 0, 0, 6, 34, 0.2, 10.1, 540.1
3, 130514, 18/01/2019 05:00:28, ODS_SUPPORT_GROUP, 0.3, 0.5, 48.6, 0, 0, 0, 1, 2, 6, 39, 0.2, 11.9, 551.3
3, 130515, 18/01/2019 05:20:11, ODS_SUPPORT_GROUP, 0, 0, 0, 0, 0, 0, 0, 0, 6, 0, 0, 0, 0
3, 130520, 18/01/2019 07:00:01, ODS_SUPPORT_GROUP, 0, 0, 0, 0, 0, 0, 0, 0, 5, 0, 0, 0, 0
3, 130499, 18/01/2019 00:00:03, OTHER_GROUPS, 11.1, 43.8, 13648.6, 26.8, 0, 0, 33, 324, 1463, 6502, 5.9, 9369.8, 8838.6
3, 130500, 18/01/2019 00:20:09, OTHER_GROUPS, 18.1, 65.7, 20494.1, 39.3, 0, 0, 624, 3530, 18354, 11850, 8.3, 24127.6, 9335.1
3, 130501, 18/01/2019 00:40:19, OTHER_GROUPS, 22, 48.4, 19040, 21.8, 0, 0, 339, 2484, 3741, 19179, 4.6, 4559, 5167.8
3, 130502, 18/01/2019 01:00:25, OTHER_GROUPS, 17.9, 43.4, 20300.3, 21.1, 0, 0, 159, 1216, 2596, 11479, 4.4, 956.4, 4041.5
3, 130503, 18/01/2019 01:20:05, OTHER_GROUPS, 15.1, 40.9, 17402.7, 20, 0, 0, 119, 686, 1781, 7938, 5.8, 4031.9, 5381.5
3, 130504, 18/01/2019 01:40:06, OTHER_GROUPS, 9.9, 37.9, 18132.2, 22, 0, 0, 122, 752, 1871, 7947, 6, 5004, 6360.8
3, 130505, 18/01/2019 02:00:05, OTHER_GROUPS, 9.7, 52.5, 24518.4, 32.6, 0, 0, 68, 512, 2115, 24586, 10.2, 8145.8, 3467
3, 130506, 18/01/2019 02:20:27, OTHER_GROUPS, 9.8, 49.5, 26428.6, 30.8, 0, 0, 13, 160, 1672, 15225, 8.9, 5495.4, 5060.8
3, 130507, 18/01/2019 02:40:34, OTHER_GROUPS, 9.5, 47.8, 22983.1, 30.7, 0, 0, 31, 392, 1907, 11462, 7.6, 4781.9, 5927.9
3, 130508, 18/01/2019 03:00:02, OTHER_GROUPS, 9.6, 48.6, 18872.5, 28.4, 0, 0, 28, 432, 1065, 12086, 10.6, 7209.1, 4873.8
3, 130509, 18/01/2019 03:20:04, OTHER_GROUPS, 9.7, 48.7, 17166, 26.9, 0, 0, 90, 568, 1162, 12814, 12.1, 4582.4, 5571.9
3, 130510, 18/01/2019 03:40:11, OTHER_GROUPS, 9.2, 41.5, 16934, 18.5, 0, 0, 3, 40, 570, 6117, 13.8, 845.9, 6963.5
3, 130511, 18/01/2019 04:00:13, OTHER_GROUPS, 9.7, 42.8, 29520.5, 23.1, 0, 0, 58, 300, 1722, 10752, 10, 2526.4, 5590.9
3, 130512, 18/01/2019 04:20:04, OTHER_GROUPS, 28.8, 73.5, 43961.6, 31.6, 0, 0, 129, 664, 2562, 32437, 13.1, 6787.8, 4584.5
3, 130513, 18/01/2019 04:40:16, OTHER_GROUPS, 33.7, 78.4, 44710.2, 32.7, 0, 0, 4, 28, 1805, 28856, 12, 1658.3, 5759.7
3, 130514, 18/01/2019 05:00:28, OTHER_GROUPS, 28.5, 77.9, 51116.4, 37.2, 0, 0, 10, 72, 1451, 22775, 12.2, 1730.2, 6249.5
3, 130515, 18/01/2019 05:20:11, OTHER_GROUPS, 17.3, 49.9, 23215.5, 23.1, 0, 0, 18, 212, 1536, 21705, 9.5, 2580.6, 4206.1
3, 130516, 18/01/2019 05:40:21, OTHER_GROUPS, 18.5, 60.1, 19469.1, 29.7, 0, 0, 4, 32, 1410, 20016, 11.9, 992.5, 5231.1
3, 130517, 18/01/2019 06:00:32, OTHER_GROUPS, 10, 56.4, 18751.6, 35.8, 0, 0, 92, 418, 1103, 11322, 10.6, 1492.4, 4715.8
3, 130518, 18/01/2019 06:20:19, OTHER_GROUPS, 9.7, 55.2, 18756.6, 36, 0, 0, 130, 838, 1402, 14061, 9.5, 5383.7, 4377.4
3, 130519, 18/01/2019 06:40:06, OTHER_GROUPS, 9.7, 53, 22324, 28.6, 0, 0, 21, 320, 880, 12951, 14.7, 2227.7, 5967
3, 130520, 18/01/2019 07:00:01, OTHER_GROUPS, 9.2, 58.3, 32187.8, 33.8, 0, 0, 156, 731, 1310, 12176, 15.3, 4500, 4446.2
3, 130521, 18/01/2019 07:20:09, OTHER_GROUPS, 9.9, 56.3, 28465.5, 35.8, 0, 0, 7, 55, 561, 12234, 10.6, 1710.5, 3634.6
3, 130522, 18/01/2019 07:40:16, OTHER_GROUPS, 9.5, 53.8, 32570.5, 35.5, 0, 0, 158, 912, 1379, 10278, 8.8, 4870, 3466
3, 130523, 18/01/2019 08:00:02, OTHER_GROUPS, 9.4, 50.7, 33809.3, 34, 0, 0, 19, 252, 911, 6131, 7.3, 6896.6, 4278.9
3, 130524, 18/01/2019 08:20:21, OTHER_GROUPS, 7.6, 50.7, 45951.2, 34.6, 5, 0.1, 10, 98, 677, 4201, 8.5, 1406.9, 5543.5
3, 130525, 18/01/2019 08:40:05, OTHER_GROUPS, 10.1, 68.3, 42593.6, 43.7, 75, 0.7, 70, 456, 1227, 24475, 14.5, 6599.7, 3948.8
3, 130526, 18/01/2019 09:00:14, OTHER_GROUPS, 10, 88.1, 42142.4, 59.4, 22, 0.9, 21, 192, 926, 45785, 18.7, 5552.3, 3515.2
3, 130527, 18/01/2019 09:20:07, OTHER_GROUPS, 9.5, 91.2, 42020.7, 62.6, 20, 4.1, 11, 148, 795, 31733, 19.1, 3245.8, 3971.2
3, 130528, 18/01/2019 09:40:18, OTHER_GROUPS, 9.5, 101.4, 50631.1, 68.4, 4, 1.2, 15, 152, 870, 23979, 23.5, 3811.2, 3594.4
3, 130529, 18/01/2019 10:00:37, OTHER_GROUPS, 9.8, 90.1, 40735.1, 60.6, 19, 2.7, 15, 178, 954, 19791, 19.7, 6984.1, 4185.4
3, 130499, 18/01/2019 00:00:03, SZB_SANDBOX_GROUP, 10, 13.4, 8545, 2.8, 0, 0, 13, 527, 1014, 1670, 0.6, 4213.8, 2096.6
3, 130500, 18/01/2019 00:20:09, SZB_SANDBOX_GROUP, 2.4, 3.7, 1393.7, 1, 0, 0, 13, 391, 8381, 695, 0.3, 143.9, 334.8
3, 130501, 18/01/2019 00:40:19, SZB_SANDBOX_GROUP, 3.9, 4.1, 1578.1, 0, 0, 0, 26, 816, 1046, 698, 0.2, 392.4, 299.5
3, 130502, 18/01/2019 01:00:25, SZB_SANDBOX_GROUP, 8.3, 8.7, 4189, 0, 0, 0, 109, 2455, 7206, 2131, 0.4, 6102.3, 432.7
3, 130503, 18/01/2019 01:20:05, SZB_SANDBOX_GROUP, 2.9, 3.2, 362.1, 0, 0, 0, 164, 3529, 9312, 1151, 0.3, 228.7, 348.9
3, 130504, 18/01/2019 01:40:06, SZB_SANDBOX_GROUP, 2.9, 4.9, 1186.9, 1.8, 0, 0, 83, 1802, 5556, 755, 0.2, 1049, 340.3
3, 130505, 18/01/2019 02:00:05, SZB_SANDBOX_GROUP, 11, 18.5, 9521.1, 6.4, 0, 0, 32, 960, 4728, 3358, 1.1, 5904.8, 2421.3
3, 130506, 18/01/2019 02:20:27, SZB_SANDBOX_GROUP, 4.1, 5.6, 1793.8, 0.7, 0, 0, 68, 1483, 4631, 1031, 0.8, 584.9, 1715.7
3, 130507, 18/01/2019 02:40:34, SZB_SANDBOX_GROUP, 3.2, 5.1, 1175.7, 1.5, 0, 0, 87, 1980, 5662, 966, 0.4, 442.2, 1061.3
3, 130508, 18/01/2019 03:00:02, SZB_SANDBOX_GROUP, 8.5, 9.4, 1775.1, 0, 0, 0, 101, 2383, 8697, 2244, 0.9, 2524, 1328.4
3, 130509, 18/01/2019 03:20:04, SZB_SANDBOX_GROUP, 18.1, 43.7, 6791.2, 22.6, 0, 0, 45, 1051, 6615, 12513, 3, 10250, 2013.6
3, 130510, 18/01/2019 03:40:11, SZB_SANDBOX_GROUP, 16.2, 59.7, 21681.8, 40.5, 0, 0, 47, 1011, 5006, 6825, 3, 17205.6, 2125.4
3, 130511, 18/01/2019 04:00:13, SZB_SANDBOX_GROUP, 24.7, 35.7, 13561.6, 7.4, 0, 0, 66, 1620, 21531, 16080, 3.6, 10178.3, 5089.1
3, 130512, 18/01/2019 04:20:04, SZB_SANDBOX_GROUP, 10.1, 10.9, 1898.3, 0.1, 0, 0, 33, 975, 8901, 2941, 0.7, 5669.8, 764.4
3, 130513, 18/01/2019 04:40:16, SZB_SANDBOX_GROUP, 4.7, 9.3, 1755.4, 4, 0, 0, 52, 1119, 3996, 1806, 0.6, 632, 1054.8
3, 130514, 18/01/2019 05:00:28, SZB_SANDBOX_GROUP, 24.9, 49.8, 9877.2, 21.5, 0, 0, 60, 1967, 6333, 20020, 3.4, 1784.1, 3429.1
3, 130515, 18/01/2019 05:20:11, SZB_SANDBOX_GROUP, 10.5, 14.8, 13384.3, 3.1, 0, 0, 73, 2499, 2882, 38646, 1.2, 896.2, 1190.5
3, 130516, 18/01/2019 05:40:21, SZB_SANDBOX_GROUP, 10.5, 13.1, 20288.5, 1.6, 0, 0, 73, 2461, 6707, 2445, 1, 538.9, 1203
3, 130517, 18/01/2019 06:00:32, SZB_SANDBOX_GROUP, 23.4, 32.6, 23947.5, 5.5, 0, 0, 38, 1206, 19870, 16017, 3.7, 3586.6, 8207.3
3, 130518, 18/01/2019 06:20:19, SZB_SANDBOX_GROUP, 11.7, 18.1, 10650.6, 4.8, 0, 0, 10, 405, 695, 8092, 1.6, 870, 5921.9
3, 130519, 18/01/2019 06:40:06, SZB_SANDBOX_GROUP, 8, 11.3, 14206.6, 2.2, 0, 0, 9, 255, 1654, 3048, 1.1, 688.3, 6621.6
3, 130520, 18/01/2019 07:00:01, SZB_SANDBOX_GROUP, 11.6, 15.4, 14539, 3.1, 0, 0, 23, 691, 9281, 4290, 0.7, 4340.9, 1844.5
3, 130521, 18/01/2019 07:20:09, SZB_SANDBOX_GROUP, 18.7, 25.4, 13151.8, 5.3, 0, 0, 56, 1688, 3470, 10944, 1.4, 1413.7, 1515.7
3, 130522, 18/01/2019 07:40:16, SZB_SANDBOX_GROUP, 9.5, 22.3, 20155.6, 10.8, 0, 0, 55, 1487, 1798, 2783, 2, 849, 6121
3, 130523, 18/01/2019 08:00:02, SZB_SANDBOX_GROUP, 19.6, 44.4, 16301.9, 17.9, 42, 0.8, 48, 1910, 4854, 16846, 6.9, 3462.4, 9551.1
3, 130524, 18/01/2019 08:20:21, SZB_SANDBOX_GROUP, 21.9, 39.4, 19868.1, 15.7, 27, 2.5, 49, 2687, 5372, 12444, 1.8, 1727.8, 2705.6
3, 130525, 18/01/2019 08:40:05, SZB_SANDBOX_GROUP, 22, 42.2, 19287.6, 18.9, 40, 2.7, 59, 2544, 3999, 11700, 1.3, 1010.5, 2146.7
3, 130526, 18/01/2019 09:00:14, SZB_SANDBOX_GROUP, 24.5, 45.4, 13088, 18.8, 48, 4.3, 74, 3503, 4684, 40419, 2.1, 7374, 1511.1
3, 130527, 18/01/2019 09:20:07, SZB_SANDBOX_GROUP, 17.1, 32.3, 14411.8, 13.2, 0, 0, 23, 1200, 2136, 5744, 2, 1728.6, 5915.5
3, 130528, 18/01/2019 09:40:18, SZB_SANDBOX_GROUP, 17.9, 29.8, 24922.9, 10.1, 8, 1.2, 20, 854, 2320, 6428, 1.8, 1110.6, 4581.5
3, 130529, 18/01/2019 10:00:37, SZB_SANDBOX_GROUP, 10.5, 17.3, 9162.2, 5.7, 43, 4.2, 35, 1776, 3191, 2874, 1.1, 5046.8, 1540.9
4, 130499, 18/01/2019 00:00:03, ADW_UNLOAD_GROUP, 0, 0, 0, 0, 0, 0, 0, 0, 44, 1, 0, 0, 0
4, 130500, 18/01/2019 00:20:09, ADW_UNLOAD_GROUP, 0, 0, 0, 0, 0, 0, 0, 0, 49, 0, 0, 0, 0
4, 130501, 18/01/2019 00:40:19, ADW_UNLOAD_GROUP, 0, 0, 0, 0, 0, 0, 0, 0, 44, 0, 0, 0, 0
4, 130503, 18/01/2019 01:20:05, ADW_UNLOAD_GROUP, 0, 0, 0, 0, 0, 0, 0, 0, 44, 1, 0, 0, 0
4, 130505, 18/01/2019 02:00:05, ADW_UNLOAD_GROUP, 0, 0, 0, 0, 0, 0, 0, 0, 49, 0, 0, 0, 0
4, 130506, 18/01/2019 02:20:27, ADW_UNLOAD_GROUP, 0, 0, 0, 0, 0, 0, 0, 0, 44, 0, 0, 0, 0
4, 130507, 18/01/2019 02:40:34, ADW_UNLOAD_GROUP, 0, 0, 0, 0, 0, 0, 0, 0, 39, 0, 0, 0, 0
4, 130508, 18/01/2019 03:00:03, ADW_UNLOAD_GROUP, 0, 0, 0, 0, 0, 0, 0, 0, 44, 1, 0, 0, 0
4, 130509, 18/01/2019 03:20:04, ADW_UNLOAD_GROUP, 0, 0, 0, 0, 0, 0, 0, 0, 44, 1, 0, 0, 0
4, 130510, 18/01/2019 03:40:11, ADW_UNLOAD_GROUP, 0, 0, 0, 0, 0, 0, 0, 0, 44, 1, 0, 0, 0
4, 130511, 18/01/2019 04:00:13, ADW_UNLOAD_GROUP, 0, 0, 0, 0, 0, 0, 0, 0, 44, 0, 0, 0, 0
4, 130512, 18/01/2019 04:20:04, ADW_UNLOAD_GROUP, 0, 0, 0, 0, 0, 0, 0, 0, 49, 1, 0, 0, 0
4, 130513, 18/01/2019 04:40:15, ADW_UNLOAD_GROUP, 0, 0, 0, 0, 0, 0, 0, 0, 44, 0, 0, 0, 0
4, 130517, 18/01/2019 06:00:32, ADW_UNLOAD_GROUP, 0, 0, 0, 0, 0, 0, 0, 0, 44, 1, 0, 0, 0
4, 130518, 18/01/2019 06:20:19, ADW_UNLOAD_GROUP, 0, 0, 0, 0, 0, 0, 0, 0, 39, 0, 0, 0, 0
4, 130519, 18/01/2019 06:40:04, ADW_UNLOAD_GROUP, 0, 0, 0, 0, 0, 0, 0, 0, 44, 0, 0, 0, 0
4, 130522, 18/01/2019 07:40:17, ADW_UNLOAD_GROUP, 0, 0, 0, 0, 0, 0, 0, 0, 44, 0, 0, 0, 0
4, 130523, 18/01/2019 08:00:04, ADW_UNLOAD_GROUP, 0, 0, 0, 0, 0, 0, 0, 0, 44, 3, 0, 0, 0
4, 130524, 18/01/2019 08:20:22, ADW_UNLOAD_GROUP, 0, 0, 0, 0, 0, 0, 0, 0, 39, 2, 0, 0, 0
4, 130525, 18/01/2019 08:40:05, ADW_UNLOAD_GROUP, 0, 0, 0, 0, 0, 0, 0, 0, 49, 0, 0, 0, 0
4, 130526, 18/01/2019 09:00:14, ADW_UNLOAD_GROUP, 0, 0, 0, 0, 0, 0, 0, 0, 44, 2, 0, 0, 0
4, 130527, 18/01/2019 09:20:07, ADW_UNLOAD_GROUP, 0, 0, 0, 0, 0, 0, 0, 0, 41, 7, 0, 0, 0
4, 130529, 18/01/2019 10:00:37, ADW_UNLOAD_GROUP, 0, 0, 0, 0, 0, 0, 0, 0, 44, 1, 0, 0, 0
4, 130499, 18/01/2019 00:00:03, DM_TECH_GROUP, 1.4, 7.7, 201, 6.1, 0, 0, 0, 0, 0, 222, 0.2, 202.7, 201
4, 130500, 18/01/2019 00:20:09, DM_TECH_GROUP, 1.7, 11.1, 945.7, 9.2, 0, 0, 1, 8, 113, 330, 0.2, 283.5, 307.8
4, 130501, 18/01/2019 00:40:19, DM_TECH_GROUP, 4.8, 14.5, 8962.5, 8.9, 0, 0, 2, 24, 134, 1436, 0.8, 637.8, 1939.6
4, 130502, 18/01/2019 01:00:25, DM_TECH_GROUP, 11.3, 20.7, 40067.3, 8.1, 0, 0, 106, 1576, 1769, 3928, 1.3, 837.3, 2404.4
4, 130503, 18/01/2019 01:20:05, DM_TECH_GROUP, 10.1, 19.4, 33481.9, 7.8, 0, 0, 52, 720, 879, 2988, 1.5, 306.6, 3533.2
4, 130504, 18/01/2019 01:40:06, DM_TECH_GROUP, 5.1, 14.3, 14533, 8.6, 0, 0, 21, 288, 320, 730, 0.6, 282.9, 1645.4
4, 130505, 18/01/2019 02:00:05, DM_TECH_GROUP, 2.2, 11.7, 7242.2, 8.3, 0, 0, 4, 30, 76, 504, 1.2, 146.6, 1905.5
4, 130506, 18/01/2019 02:20:27, DM_TECH_GROUP, 2.9, 11.6, 9307.8, 8.1, 0, 0, 6, 68, 83, 449, 0.6, 269.2, 1675.7
4, 130507, 18/01/2019 02:40:34, DM_TECH_GROUP, 1.5, 10.2, 8954.9, 8.3, 0, 0, 1, 8, 0, 231, 0.4, 173.2, 1526.9
4, 130508, 18/01/2019 03:00:03, DM_TECH_GROUP, 1.7, 9.4, 7674.6, 7.1, 0, 0, 0, 0, 26, 296, 0.6, 170.2, 1334.1
4, 130509, 18/01/2019 03:20:04, DM_TECH_GROUP, 2.1, 13.5, 932.2, 9.5, 0, 0, 8, 112, 244, 359, 1.9, 268.8, 1097.7
4, 130510, 18/01/2019 03:40:11, DM_TECH_GROUP, 2.5, 14.9, 11272.9, 8.2, 0, 0, 4, 48, 0, 493, 4.2, 294, 3463.2
4, 130511, 18/01/2019 04:00:13, DM_TECH_GROUP, 2.6, 12.9, 7304, 9.8, 0, 0, 5, 40, 188, 536, 0.5, 228.7, 1753.6
4, 130512, 18/01/2019 04:20:04, DM_TECH_GROUP, 2.8, 9.7, 11786.2, 6.1, 0, 0, 2, 28, 5, 492, 0.8, 226.4, 3154.5
4, 130513, 18/01/2019 04:40:15, DM_TECH_GROUP, 1.8, 7.9, 392, 5.9, 0, 0, 1, 16, 1, 351, 0.2, 161.7, 229.3
4, 130514, 18/01/2019 05:00:28, DM_TECH_GROUP, 1.3, 8.5, 233.7, 7, 0, 0, 0, 0, 11, 244, 0.2, 111.2, 226.6
4, 130515, 18/01/2019 05:21:36, DM_TECH_GROUP, 1.2, 6.3, 158.9, 4.9, 0, 0, 0, 0, 0, 215, 0.2, 103.8, 126.5
4, 130516, 18/01/2019 05:40:21, DM_TECH_GROUP, 1.9, 9.6, 482.6, 7.5, 0, 0, 68, 948, 1153, 342, 0.2, 472.9, 579.9
4, 130517, 18/01/2019 06:00:32, DM_TECH_GROUP, 4.2, 19, 1103.8, 12.7, 1, 0, 653, 9248, 9192, 1036, 2.1, 1481.6, 4189.8
4, 130518, 18/01/2019 06:20:19, DM_TECH_GROUP, 2.6, 13.6, 844.2, 9.6, 0, 0, 45, 640, 624, 652, 1.4, 447.5, 3850.1
4, 130519, 18/01/2019 06:40:04, DM_TECH_GROUP, 3.4, 12.7, 756.4, 7.8, 0, 0, 9, 136, 125, 950, 1.5, 564.1, 6006.4
4, 130520, 18/01/2019 07:00:01, DM_TECH_GROUP, 2.6, 9.4, 809.6, 6, 0, 0, 91, 1320, 1356, 588, 0.8, 408.1, 1435
4, 130521, 18/01/2019 07:20:09, DM_TECH_GROUP, 6.8, 13.3, 1481.5, 6.3, 0, 0, 5, 64, 339, 2236, 0.2, 2651.4, 247
4, 130522, 18/01/2019 07:40:17, DM_TECH_GROUP, 2.2, 9.1, 1356.2, 6.7, 0, 0, 0, 0, 89, 422, 0.2, 213.8, 306
4, 130523, 18/01/2019 08:00:04, DM_TECH_GROUP, 7.8, 15.3, 1775.8, 7.2, 0, 0, 0, 0, 211, 1683, 0.3, 266, 185.2
4, 130524, 18/01/2019 08:20:22, DM_TECH_GROUP, 9.9, 16.7, 3552.9, 6.7, 0, 0, 0, 0, 6, 3326, 0.1, 223.1, 143.5
4, 130525, 18/01/2019 08:40:05, DM_TECH_GROUP, 10.6, 16.2, 4106.7, 5.5, 0, 0, 0, 0, 5, 3499, 0.1, 244.6, 105.2
4, 130526, 18/01/2019 09:00:14, DM_TECH_GROUP, 8.6, 14.7, 3817.1, 6, 0, 0, 1, 16, 3, 4478, 0.1, 207.2, 92.4
4, 130527, 18/01/2019 09:20:07, DM_TECH_GROUP, 7.1, 13.4, 4045.4, 6.2, 4, 0.7, 0, 0, 13, 8072, 0.1, 201.1, 135.5
4, 130528, 18/01/2019 09:40:18, DM_TECH_GROUP, 9.3, 23.6, 7671.4, 12.6, 0, 0.2, 6, 88, 177, 6343, 1.7, 376.7, 2866.4
4, 130529, 18/01/2019 10:00:37, DM_TECH_GROUP, 9.1, 17.6, 17896.3, 7, 0, 0, 3, 40, 1, 2591, 1.5, 346.2, 3028.3
4, 130499, 18/01/2019 00:00:03, ODS_SUPPORT_GROUP, 0, 0, 0, 0, 0, 0, 0, 0, 6, 1, 0, 0, 0
4, 130507, 18/01/2019 02:40:34, ODS_SUPPORT_GROUP, 0, 0, 0.1, 0, 0, 0, 0, 0, 6, 3, 0, 0, 0.4
4, 130512, 18/01/2019 04:20:04, ODS_SUPPORT_GROUP, 0, 0, 0, 0, 0, 0, 0, 0, 6, 0, 0, 0, 0
4, 130499, 18/01/2019 00:00:03, OTHER_GROUPS, 12.1, 57.5, 30387.8, 33.7, 0, 0, 81, 480, 1881, 6949, 11.7, 7611.9, 10341.6
4, 130500, 18/01/2019 00:20:09, OTHER_GROUPS, 18.2, 68.3, 34733.9, 40, 0, 0, 354, 2256, 4462, 8286, 10.1, 10037.2, 10182.2
4, 130501, 18/01/2019 00:40:19, OTHER_GROUPS, 21.6, 54.9, 25927.7, 27, 0, 0, 715, 5150, 7219, 13831, 6.3, 4237.2, 5937.6
4, 130502, 18/01/2019 01:00:25, OTHER_GROUPS, 15.6, 49.3, 26268.6, 26, 0, 0, 244, 2094, 3449, 11953, 7.7, 5702.5, 5073.5
4, 130503, 18/01/2019 01:20:05, OTHER_GROUPS, 16.9, 52.6, 26366.7, 27.3, 0, 0, 23, 218, 1402, 15478, 8.4, 3340.7, 8035.4
4, 130504, 18/01/2019 01:40:06, OTHER_GROUPS, 14.9, 55.8, 35057.7, 33.9, 0, 0, 30, 268, 1455, 13210, 7, 3648.3, 7678.8
4, 130505, 18/01/2019 02:00:05, OTHER_GROUPS, 9.7, 48.5, 34850, 29.3, 0, 0, 73, 364, 1885, 12702, 9.5, 2951.5, 4839.9
4, 130506, 18/01/2019 02:20:27, OTHER_GROUPS, 10.3, 50.3, 39462, 31.6, 0, 0, 24, 360, 1843, 13965, 8.4, 4326.4, 5553.5
4, 130507, 18/01/2019 02:40:34, OTHER_GROUPS, 10.1, 46.8, 31024.5, 29.7, 0, 0, 14, 208, 1747, 13581, 7, 3405.7, 5560.2
4, 130508, 18/01/2019 03:00:03, OTHER_GROUPS, 10, 50.3, 30488.1, 30.5, 0, 0, 13, 138, 946, 16257, 9.8, 1542.3, 4649.2
4, 130509, 18/01/2019 03:20:04, OTHER_GROUPS, 10.4, 50.9, 32680.9, 28.1, 0, 0, 106, 551, 1431, 12487, 12.4, 3074.3, 6252.7
4, 130510, 18/01/2019 03:40:11, OTHER_GROUPS, 10.1, 50.9, 42591.8, 27.2, 0, 0, 198, 1107, 2278, 11626, 13.6, 6333.4, 5165.4
4, 130511, 18/01/2019 04:00:13, OTHER_GROUPS, 11.5, 57.9, 62134.4, 37.1, 11, 0, 284, 1416, 3969, 22242, 9.3, 4885.8, 3766.9
4, 130512, 18/01/2019 04:20:04, OTHER_GROUPS, 19.1, 60.9, 82484.8, 30.8, 11, 0, 263, 1416, 4526, 25113, 11, 5715.4, 3697.4
4, 130513, 18/01/2019 04:40:15, OTHER_GROUPS, 23.8, 76.3, 85101.7, 42.1, 0, 0, 184, 1012, 4199, 34373, 10.4, 6927, 2993.5
4, 130514, 18/01/2019 05:00:28, OTHER_GROUPS, 19, 82.6, 84362.4, 49.6, 6, 0, 216, 1234, 3470, 42511, 14, 13650.4, 3028.2
4, 130515, 18/01/2019 05:21:36, OTHER_GROUPS, 9.2, 47.1, 32782.3, 25.8, 0, 0, 348, 1592, 3388, 20100, 12.1, 9658.2, 3378.3
4, 130516, 18/01/2019 05:40:21, OTHER_GROUPS, 10.1, 53.1, 49120.8, 31.6, 0, 0, 263, 1396, 3829, 17829, 11.4, 6875.7, 4679.5
4, 130517, 18/01/2019 06:00:32, OTHER_GROUPS, 10.2, 69.1, 39405.6, 42.6, 1, 0, 102, 900, 1556, 25571, 16.3, 5819.7, 3098.2
4, 130518, 18/01/2019 06:20:19, OTHER_GROUPS, 10, 50.8, 35396.4, 30.2, 0, 0, 200, 1036, 1714, 14123, 10.6, 1600.1, 3760.6
4, 130519, 18/01/2019 06:40:04, OTHER_GROUPS, 9.6, 48.6, 31754.8, 27, 0, 0, 31, 464, 1391, 14546, 12, 4261.1, 5505.8
4, 130520, 18/01/2019 07:00:01, OTHER_GROUPS, 10.1, 51.7, 36377.2, 26.9, 0, 0, 172, 1052, 1612, 15130, 14.7, 7654.5, 8137.6
4, 130521, 18/01/2019 07:20:09, OTHER_GROUPS, 10.3, 51.8, 45145, 28.7, 0, 0, 185, 1142, 1746, 16722, 12.8, 6788.9, 7088.7
4, 130522, 18/01/2019 07:40:17, OTHER_GROUPS, 9.9, 48.2, 37113.8, 26.9, 0, 0, 14, 136, 867, 14861, 11.4, 1534.6, 5102.1
4, 130523, 18/01/2019 08:00:04, OTHER_GROUPS, 9.1, 48.6, 31815.3, 29.8, 0, 0, 14, 168, 1051, 10780, 9.7, 2837.8, 5739.1
4, 130524, 18/01/2019 08:20:22, OTHER_GROUPS, 8.8, 45.5, 33334, 27.5, 4, 0.4, 4, 42, 648, 7061, 9.2, 2695.7, 6069.8
4, 130525, 18/01/2019 08:40:05, OTHER_GROUPS, 8.6, 44.1, 32649, 23.4, 9, 0.2, 10, 80, 728, 5500, 12.1, 6327.8, 8354.9
4, 130526, 18/01/2019 09:00:14, OTHER_GROUPS, 10.3, 50.5, 30276.4, 28.1, 6, 0.2, 10, 76, 799, 21191, 12.1, 9950.6, 5562
4, 130527, 18/01/2019 09:20:07, OTHER_GROUPS, 9.9, 47.4, 17172.5, 29, 12, 1.3, 6, 80, 819, 32774, 8.5, 724.9, 4629.9
4, 130528, 18/01/2019 09:40:18, OTHER_GROUPS, 10.1, 61.5, 20504.8, 39.5, 17, 2.3, 13, 144, 2799, 24889, 11.9, 1765.6, 5063.9
4, 130529, 18/01/2019 10:00:37, OTHER_GROUPS, 10.1, 68, 37497.6, 45.2, 6, 1, 21, 240, 908, 24994, 12.7, 2291, 4160.3
4, 130499, 18/01/2019 00:00:03, SZB_SANDBOX_GROUP, 2.2, 2.4, 653.7, 0, 0, 0, 5, 320, 906, 451, 0.2, 3153, 142.1
4, 130500, 18/01/2019 00:20:09, SZB_SANDBOX_GROUP, 0.4, 0.4, 260.1, 0, 0, 0, 0, 0, 45, 37, 0, 0.6, 2.1
4, 130501, 18/01/2019 00:40:19, SZB_SANDBOX_GROUP, 0.7, 0.8, 230.5, 0, 0, 0, 2, 128, 268, 143, 0.1, 14.2, 28.3
4, 130502, 18/01/2019 01:00:25, SZB_SANDBOX_GROUP, 7.6, 8.1, 5921.2, 0.3, 0, 0, 5, 320, 829, 1258, 0.2, 1758.4, 210.5
4, 130503, 18/01/2019 01:20:05, SZB_SANDBOX_GROUP, 0.6, 0.9, 143.2, 0.2, 0, 0, 3, 192, 258, 95, 0.1, 21.4, 62.2
4, 130504, 18/01/2019 01:40:06, SZB_SANDBOX_GROUP, 0.5, 1, 176.4, 0.4, 0, 0, 2, 128, 199, 63, 0.1, 64.9, 111.6
4, 130505, 18/01/2019 02:00:05, SZB_SANDBOX_GROUP, 17.5, 22.9, 18312.2, 3.3, 0, 0, 8, 426, 2572, 4740, 2.1, 1182.4, 3817.1
4, 130506, 18/01/2019 02:20:27, SZB_SANDBOX_GROUP, 6.7, 7.4, 2212.8, 0.3, 0, 0, 4, 222, 691, 2001, 0.4, 315.3, 837
4, 130507, 18/01/2019 02:40:34, SZB_SANDBOX_GROUP, 1.1, 2.3, 1103.3, 1, 0, 0, 1, 64, 55, 61, 0.2, 47, 419.9
4, 130508, 18/01/2019 03:00:03, SZB_SANDBOX_GROUP, 12.2, 13.5, 14635.4, 0.7, 0, 0, 4, 256, 1372, 1919, 0.6, 1932.4, 340.8
4, 130509, 18/01/2019 03:20:04, SZB_SANDBOX_GROUP, 7.2, 29.4, 3223, 21.2, 0, 0, 4, 256, 4194, 2850, 1, 7787.4, 310.5
4, 130510, 18/01/2019 03:40:11, SZB_SANDBOX_GROUP, 7.6, 50, 6516.2, 41.2, 0, 0, 3, 192, 1867, 1988, 1.2, 15841.2, 542.8
4, 130511, 18/01/2019 04:00:13, SZB_SANDBOX_GROUP, 5, 12.3, 2461.5, 6.3, 0, 0, 1, 64, 2551, 1410, 1, 5728.5, 2225.1
4, 130512, 18/01/2019 04:20:04, SZB_SANDBOX_GROUP, 11.4, 13.4, 13051.8, 1.5, 0, 0, 7, 416, 2262, 1641, 0.5, 308.7, 886.3
4, 130513, 18/01/2019 04:40:15, SZB_SANDBOX_GROUP, 8.6, 11.5, 4586.5, 1.7, 0, 0, 4, 256, 6731, 2127, 1.2, 853.3, 2611.8
4, 130514, 18/01/2019 05:00:28, SZB_SANDBOX_GROUP, 24.4, 51.6, 17564.5, 25.3, 1, 0, 24, 1312, 5396, 15716, 1.9, 5273.8, 2520.2
4, 130515, 18/01/2019 05:21:36, SZB_SANDBOX_GROUP, 15.6, 22.2, 15708.5, 4.7, 0, 0, 15, 896, 1223, 3918, 1.9, 840.9, 2643.7
4, 130516, 18/01/2019 05:40:21, SZB_SANDBOX_GROUP, 4.5, 7, 4513.8, 1.8, 0, 0, 14, 652, 1486, 764, 0.7, 404.9, 1927.5
4, 130517, 18/01/2019 06:00:32, SZB_SANDBOX_GROUP, 25.2, 46.7, 20416.3, 19.2, 0, 0, 22, 1064, 2477, 21596, 2.3, 3448.8, 2987
4, 130518, 18/01/2019 06:20:19, SZB_SANDBOX_GROUP, 27.1, 47.5, 22649, 16.8, 0, 0, 7, 384, 370, 17551, 3.6, 2387, 9358.7
4, 130519, 18/01/2019 06:40:04, SZB_SANDBOX_GROUP, 14.8, 16.7, 33760.4, 1.5, 0, 0, 7, 384, 555, 9944, 0.4, 776.9, 1231
4, 130520, 18/01/2019 07:00:01, SZB_SANDBOX_GROUP, 11.2, 12.2, 13590.9, 0.5, 0, 0, 8, 480, 1566, 2809, 0.5, 2019.3, 1073.3
4, 130521, 18/01/2019 07:20:09, SZB_SANDBOX_GROUP, 11.1, 21.6, 12962.3, 8.9, 0, 0, 27, 792, 3261, 4478, 1.6, 779.8, 4037.1
4, 130522, 18/01/2019 07:40:17, SZB_SANDBOX_GROUP, 13.7, 24.9, 8103.8, 8.4, 0, 0, 51, 1328, 4547, 7644, 2.8, 916.9, 8180.9
4, 130523, 18/01/2019 08:00:04, SZB_SANDBOX_GROUP, 17.3, 37.8, 38323.6, 18.2, 35, 0.6, 63, 2104, 4488, 13441, 2.3, 3152.4, 1488.7
4, 130524, 18/01/2019 08:20:22, SZB_SANDBOX_GROUP, 21.2, 64.6, 31573.9, 38.9, 46, 10.4, 46, 1618, 2628, 12946, 4.5, 762.4, 5759.5
4, 130525, 18/01/2019 08:40:05, SZB_SANDBOX_GROUP, 24.6, 50.8, 38389.8, 23.3, 102, 10.9, 92, 3724, 5072, 16835, 2.9, 2380.8, 3240.3
4, 130526, 18/01/2019 09:00:14, SZB_SANDBOX_GROUP, 33.4, 58.2, 49461.6, 19.7, 76, 15.2, 85, 2662, 106284, 39619, 5.1, 1616.1, 3433.1
4, 130527, 18/01/2019 09:20:07, SZB_SANDBOX_GROUP, 25, 68.9, 23514.7, 42.3, 66, 7.8, 62, 2796, 3057, 134582, 1.6, 825.3, 971.1
4, 130528, 18/01/2019 09:40:18, SZB_SANDBOX_GROUP, 31.4, 61.7, 23057.1, 26.9, 35, 3.4, 127, 3936, 6023, 25802, 3.4, 4241.5, 2730
4, 130529, 18/01/2019 10:00:37, SZB_SANDBOX_GROUP, 27.6, 42.3, 26455.4, 12.5, 52, 5.8, 54, 1459, 3562, 15293, 2.2, 3967, 2955.7
